0 0.3351779513888889 0.17596153846153847 0.024522569444444444 0.038461538461538464
0 0.3289930555555555 0.2591346153846154 0.026475694444444444 0.04423076923076923
0 0.4346788194444444 0.17764423076923078 0.025607638888888888 0.03990384615384616
0 0.4365234375 0.25961538461538464 0.024522569444444444 0.04038461538461539
0 0.5452473958333333 0.16442307692307692 0.024088541666666664 0.038461538461538464
0 0.6299913194444444 0.15865384615384617 0.0234375 0.037500000000000006
0 0.322265625 0.3653846153846154 0.027777777777777776 0.047115384615384615
0 0.4364149305555555 0.37091346153846155 0.027777777777777776 0.04567307692307693
0 0.5604383680555555 0.35625 0.026692708333333332 0.04423076923076923
0 0.5500217013888888 0.24254807692307695 0.02495659722222222 0.04182692307692308
0 0.6409505208333333 0.2372596153846154 0.024522569444444444 0.04182692307692308
0 0.3165147569444444 0.4634615384615385 0.03146701388888889 0.05096153846153846
0 0.43891059027777773 0.46658653846153847 0.030164930555555552 0.0514423076923077
0 0.5696614583333333 0.4514423076923077 0.028211805555555552 0.05
0 0.6776258680555555 0.4341346153846154 0.028428819444444444 0.049038461538461545
0 0.6644965277777778 0.3403846153846154 0.02734375 0.04807692307692308
0 0.3472222222222222 0.623798076923077 0.03081597222222222 0.05625
0 0.3460286458333333 0.7456730769230769 0.033203125 0.06153846153846154
0 0.47721354166666663 0.6086538461538462 0.03125 0.05961538461538462
0 0.4832899305555555 0.7278846153846155 0.03298611111111111 0.06346153846153846
0 0.6036241319444444 0.5951923076923077 0.029296875 0.057692307692307696
0 0.6154513888888888 0.7132211538461539 0.03211805555555555 0.0639423076923077
0 0.7127821180555555 0.5810096153846154 0.030598958333333332 0.05625
0 0.7288411458333333 0.6927884615384616 0.02886284722222222 0.060576923076923084