0 0.3351779513888889 0.17500000000000002 0.022786458333333332 0.038461538461538464
0 0.3289930555555555 0.25841346153846156 0.025607638888888888 0.04278846153846154
0 0.43478732638888884 0.17764423076923078 0.024522569444444444 0.03990384615384616
0 0.4364149305555555 0.25961538461538464 0.024305555555555552 0.04038461538461539
0 0.5453559027777778 0.1639423076923077 0.022135416666666664 0.037500000000000006
0 0.5494791666666666 0.24230769230769234 0.023871527777777776 0.03942307692307692
0 0.6300998263888888 0.15985576923076925 0.024522569444444444 0.03990384615384616
0 0.6420355902777778 0.2372596153846154 0.024088541666666664 0.03990384615384616
0 0.6642795138888888 0.3401442307692308 0.026041666666666664 0.046634615384615385
0 0.6781684027777778 0.4346153846153846 0.02734375 0.04807692307692308
0 0.32291666666666663 0.3651442307692308 0.026475694444444444 0.04471153846153846
0 0.43598090277777773 0.36947115384615387 0.02690972222222222 0.04471153846153846
0 0.5609809027777778 0.35673076923076924 0.02690972222222222 0.0451923076923077
0 0.3182508680555555 0.4634615384615385 0.029296875 0.05288461538461539
0 0.3472222222222222 0.6242788461538462 0.031684027777777776 0.05528846153846154
0 0.439453125 0.4673076923076923 0.02734375 0.04807692307692308
0 0.5703125 0.4519230769230769 0.026041666666666664 0.05096153846153846
0 0.3464626736111111 0.7483173076923078 0.03103298611111111 0.06298076923076923
0 0.4771050347222222 0.609375 0.030164930555555552 0.05432692307692308
0 0.4832899305555555 0.7278846153846155 0.03125 0.06153846153846154
0 0.6029730902777778 0.5949519230769231 0.029730902777777776 0.05528846153846154
0 0.6143663194444444 0.7122596153846155 0.03211805555555555 0.0639423076923077
0 0.7129991319444444 0.5790865384615385 0.029296875 0.052403846153846155
0 0.7296006944444444 0.6932692307692309 0.03125 0.057692307692307696