0 0.22083333333333335 0.37421875 0.05277777777777778 0.0171875
0 0.7319444444444445 0.27734375 0.04351851851851852 0.009895833333333333
0 0.9791666666666667 0.91875 0.03981481481481482 0.04583333333333333
0 0.5078703703703704 0.20781249999999998 0.025 0.007291666666666667
0 0.5291666666666667 0.20338541666666665 0.021296296296296296 0.005729166666666666
0 0.5657407407407408 0.20104166666666667 0.02592592592592593 0.00625
0 0.5328703703703704 0.21067708333333332 0.02314814814814815 0.005729166666666666
0 0.5560185185185186 0.20598958333333334 0.02314814814814815 0.005729166666666666
0 0.549537037037037 0.21484375 0.030555555555555558 0.008854166666666666
0 0.16064814814814815 0.2825520833333333 0.05648148148148149 0.013020833333333334
0 0.36574074074074076 0.2565104166666667 0.044444444444444446 0.008854166666666666
0 0.9458333333333334 0.6033854166666667 0.04166666666666667 0.0171875