0 0.16435185185185186 0.33880208333333334 0.0712962962962963 0.03802083333333333
0 0.3 0.33359375 0.06666666666666667 0.03802083333333333
0 0.47962962962962963 0.28619791666666666 0.05925925925925926 0.0390625
0 0.5935185185185186 0.28984375 0.05185185185185186 0.033854166666666664
0 0.7134259259259259 0.29296875 0.049074074074074076 0.033854166666666664
0 0.8041666666666667 0.2973958333333333 0.049074074074074076 0.03229166666666666
0 0.1902777777777778 0.5122395833333333 0.0712962962962963 0.0421875
0 0.32037037037037036 0.49921875 0.06481481481481481 0.0390625
0 0.47685185185185186 0.44427083333333334 0.061111111111111116 0.0375
0 0.5865740740740741 0.43828125 0.05462962962962963 0.0328125
0 0.7083333333333334 0.43307291666666664 0.04814814814814815 0.03177083333333333
0 0.800462962962963 0.42604166666666665 0.04722222222222222 0.030208333333333334
0 0.2111111111111111 0.6739583333333333 0.07037037037037037 0.036458333333333336
0 0.3388888888888889 0.6552083333333333 0.061111111111111116 0.036458333333333336
0 0.4967592592592593 0.6078125 0.05462962962962963 0.03333333333333333
0 0.5990740740740741 0.5932291666666667 0.05185185185185186 0.03333333333333333
0 0.7236111111111111 0.575 0.049074074074074076 0.034375
0 0.8120370370370371 0.56640625 0.04259259259259259 0.030729166666666665
0 0.23472222222222222 0.8127604166666667 0.06759259259259259 0.03802083333333333
0 0.3578703703703704 0.78828125 0.058333333333333334 0.034895833333333334
0 0.5152777777777778 0.7395833333333334 0.05092592592592593 0.03229166666666666
0 0.6162037037037037 0.7203125 0.05277777777777778 0.03333333333333333
0 0.7277777777777779 0.6875 0.0462962962962963 0.03125
0 0.8125 0.6705729166666666 0.04351851851851852 0.0296875