0 0.246875 0.6215277777777778 0.06009615384615385 0.015190972222222222
0 0.5600961538461539 0.5572916666666666 0.046153846153846156 0.01171875
0 0.6495192307692308 0.4911024305555555 0.04038461538461539 0.009982638888888888
0 0.8463942307692308 0.4509548611111111 0.04567307692307693 0.008246527777777778
0 0.9500000000000001 0.37565104166666663 0.026923076923076925 0.004340277777777778
0 0.0889423076923077 0.48600260416666663 0.05576923076923077 0.010199652777777778
0 0.10024038461538462 0.3665364583333333 0.04182692307692308 0.006076388888888888
0 0.47379807692307696 0.3818359375 0.015865384615384615 0.0028211805555555555
0 0.4971153846153846 0.3787977430555555 0.015384615384615385 0.0023871527777777775
0 0.5223557692307692 0.37445746527777773 0.012980769230769231 0.003255208333333333
0 0.5168269230769231 0.3862847222222222 0.016346153846153847 0.003038194444444444
0 0.5435096153846154 0.3828125 0.012980769230769231 0.003038194444444444
0 0.5742788461538462 0.3786892361111111 0.014903846153846155 0.002170138888888889
0 0.6024038461538462 0.3875868055555555 0.01730769230769231 0.003038194444444444
0 0.6348557692307693 0.3841145833333333 0.015865384615384615 0.003038194444444444
0 0.6302884615384615 0.3968098958333333 0.01826923076923077 0.0028211805555555555
0 0.6574519230769231 0.39322916666666663 0.015865384615384615 0.002170138888888889
0 0.6884615384615385 0.3896484375 0.013461538461538462 0.0028211805555555555
0 0.7326923076923078 0.3798828125 0.013461538461538462 0.0028211805555555555
0 0.6721153846153847 0.37467447916666663 0.0125 0.0023871527777777775
0 0.5709134615384616 0.3665364583333333 0.010096153846153847 0.001736111111111111
0 0.6161057692307693 0.3703342013888889 0.011057692307692308 0.0023871527777777775
0 0.6598557692307693 0.3810763888888889 0.020673076923076926 0.004774305555555555