0 0.32953559027777773 0.16802884615384617 0.016710069444444444 0.012980769230769231
0 0.3506944444444444 0.16201923076923078 0.015625 0.014423076923076924
0 0.3426649305555555 0.1747596153846154 0.015625 0.013942307692307693
0 0.35546875 0.19254807692307693 0.016493055555555556 0.01682692307692308
0 0.35904947916666663 0.178125 0.015842013888888888 0.014903846153846155
0 0.3642578125 0.16562500000000002 0.01540798611111111 0.013942307692307693
0 0.46332465277777773 0.38846153846153847 0.024305555555555552 0.02403846153846154
0 0.8312717013888888 0.4137019230769231 0.029730902777777776 0.02836538461538462
0 0.550564236111111 0.22259615384615386 0.020399305555555556 0.015384615384615385
0 0.6705729166666666 0.2276442307692308 0.020399305555555556 0.015865384615384615
0 0.7723524305555555 0.23076923076923078 0.022569444444444444 0.016346153846153847
0 0.898220486111111 0.24399038461538464 0.024739583333333332 0.01971153846153846