0 0.10123697916666666 0.2435096153846154 0.025390625 0.01971153846153846
0 0.22743055555555555 0.23076923076923078 0.022569444444444444 0.016346153846153847
0 0.3293185763888889 0.2276442307692308 0.02105034722222222 0.015865384615384615
0 0.16829427083333331 0.4139423076923077 0.029730902777777776 0.025961538461538463
0 0.5358072916666666 0.3887019230769231 0.023871527777777776 0.024519230769230772
0 0.4490017361111111 0.22259615384615386 0.020833333333333332 0.015384615384615385
0 0.6435546875 0.19230769230769232 0.016710069444444444 0.01730769230769231
0 0.6399739583333333 0.1778846153846154 0.016927083333333332 0.015384615384615385
0 0.6357421875 0.16586538461538464 0.014539930555555554 0.014423076923076924
0 0.6486545138888888 0.16201923076923078 0.014322916666666666 0.015384615384615385
0 0.6573350694444444 0.17500000000000002 0.016059027777777776 0.015384615384615385
0 0.669704861111111 0.16875 0.016927083333333332 0.0125