0 0.13101851851851853 0.696875 0.08981481481481482 0.052083333333333336
0 0.2300925925925926 0.32057291666666665 0.04537037037037037 0.019270833333333334
0 0.3060185185185185 0.33697916666666666 0.04537037037037037 0.020833333333333332
0 0.4041666666666667 0.35520833333333335 0.05092592592592593 0.020833333333333332
0 0.49074074074074076 0.37135416666666665 0.05 0.021875
0 0.6606481481481482 0.371875 0.049074074074074076 0.019791666666666666
0 0.762962962962963 0.38671875 0.05555555555555556 0.022395833333333334
0 0.33842592592592596 0.25494791666666666 0.04351851851851852 0.0171875
0 0.41805555555555557 0.2661458333333333 0.04537037037037037 0.015625
0 0.5189814814814815 0.2817708333333333 0.04351851851851852 0.01875
0 0.6069444444444445 0.2934895833333333 0.04722222222222222 0.019270833333333334
0 0.7546296296296297 0.28880208333333335 0.053703703703703705 0.018229166666666668
0 0.8550925925925926 0.2994791666666667 0.05462962962962963 0.020833333333333332
0 0.437962962962963 0.1859375 0.040740740740740744 0.015625
0 0.512962962962963 0.19505208333333332 0.04259259259259259 0.01614583333333333
0 0.6171296296296297 0.20572916666666666 0.04166666666666667 0.014583333333333334
0 0.7041666666666667 0.21510416666666665 0.04351851851851852 0.016666666666666666
0 0.8453703703703704 0.21484375 0.044444444444444446 0.0171875
0 0.938425925925926 0.22421875 0.049074074074074076 0.018229166666666668
0 0.5125000000000001 0.1375 0.03981481481481482 0.014583333333333334
0 0.5865740740740741 0.14348958333333334 0.04166666666666667 0.0140625
0 0.6912037037037038 0.14661458333333333 0.04351851851851852 0.015104166666666667
0 0.7736111111111111 0.153125 0.04537037037037037 0.014583333333333334
0 0.9083333333333333 0.1546875 0.04259259259259259 0.014583333333333334
0 0.9893518518518519 0.16223958333333333 0.019444444444444445 0.0140625