0 0.13472222222222222 0.6979166666666666 0.08981481481481482 0.052083333333333336
0 0.22962962962962963 0.32135416666666666 0.044444444444444446 0.019791666666666666
0 0.3050925925925926 0.33619791666666665 0.04537037037037037 0.019270833333333334
0 0.40370370370370373 0.35520833333333335 0.05 0.021875
0 0.4916666666666667 0.37083333333333335 0.04814814814814815 0.020833333333333332
0 0.6606481481481482 0.37135416666666665 0.049074074074074076 0.021875
0 0.7620370370370371 0.3859375 0.05555555555555556 0.021875
0 0.3388888888888889 0.2557291666666667 0.04259259259259259 0.016666666666666666
0 0.41805555555555557 0.26588541666666665 0.04351851851851852 0.0171875
0 0.5194444444444445 0.28098958333333335 0.040740740740740744 0.018229166666666668
0 0.6074074074074074 0.2934895833333333 0.0462962962962963 0.019270833333333334
0 0.7574074074074074 0.28828125 0.0462962962962963 0.018229166666666668
0 0.8546296296296296 0.30026041666666664 0.05 0.0203125
0 0.4356481481481482 0.18619791666666666 0.04166666666666667 0.015104166666666667
0 0.5120370370370371 0.1953125 0.04259259259259259 0.016666666666666666
0 0.6180555555555556 0.20598958333333334 0.04351851851851852 0.015104166666666667
0 0.7027777777777778 0.21432291666666667 0.044444444444444446 0.0171875
0 0.8435185185185186 0.21510416666666665 0.0462962962962963 0.017708333333333333
0 0.9388888888888889 0.225 0.05 0.017708333333333333
0 0.5106481481481482 0.1375 0.03981481481481482 0.014583333333333334
0 0.5875 0.14296875 0.03796296296296296 0.013020833333333334
0 0.6921296296296297 0.146875 0.04166666666666667 0.014583333333333334
0 0.775 0.15338541666666666 0.044444444444444446 0.0140625
0 0.9097222222222222 0.15520833333333334 0.04351851851851852 0.014583333333333334
0 0.9893518518518519 0.1625 0.019444444444444445 0.014583333333333334