0 0.02175925925925926 0.91953125 0.04351851851851852 0.04739583333333333
0 0.052314814814814814 0.603125 0.04351851851851852 0.017708333333333333
0 0.7768518518518519 0.37473958333333335 0.04814814814814815 0.0140625
0 0.2657407407407408 0.27708333333333335 0.040740740740740744 0.010416666666666666
0 0.4305555555555556 0.20052083333333334 0.02777777777777778 0.00625
0 0.44537037037037036 0.20651041666666667 0.031481481481481485 0.005729166666666666
0 0.44953703703703707 0.21536458333333333 0.026851851851851852 0.008854166666666666
0 0.4703703703703704 0.2109375 0.020370370370370372 0.00625
0 0.46990740740740744 0.203125 0.021296296296296296 0.00625
0 0.4935185185185185 0.20807291666666666 0.022222222222222223 0.0078125
0 0.6351851851851852 0.25234375 0.031481481481481485 0.013020833333333334
0 0.8291666666666667 0.284375 0.03796296296296296 0.014583333333333334