0 0.3092592592592593 0.5455729166666666 0.05740740740740741 0.03697916666666667
0 0.4236111111111111 0.5354166666666667 0.05092592592592593 0.035416666666666666
0 0.5777777777777778 0.48411458333333335 0.05 0.033854166666666664
0 0.6726851851851852 0.48151041666666666 0.04537037037037037 0.0328125
0 0.7759259259259259 0.4783854166666667 0.04259259259259259 0.030729166666666665
0 0.8555555555555556 0.47734375 0.03888888888888889 0.0296875
0 0.32037037037037036 0.696875 0.05740740740740741 0.034375
0 0.4324074074074074 0.6794270833333333 0.05185185185185186 0.0328125
0 0.5666666666666667 0.62421875 0.05185185185185186 0.03177083333333333
0 0.6592592592592593 0.6125 0.0462962962962963 0.028125
0 0.7662037037037037 0.6026041666666666 0.03796296296296296 0.029166666666666667
0 0.8458333333333333 0.5908854166666666 0.03796296296296296 0.028645833333333332
0 0.32962962962962966 0.8395833333333333 0.05555555555555556 0.03333333333333333
0 0.4393518518518519 0.8171875 0.05092592592592593 0.03229166666666666
0 0.5745370370370371 0.7674479166666667 0.04722222222222222 0.0296875
0 0.6657407407407407 0.7494791666666667 0.040740740740740744 0.029166666666666667
0 0.7726851851851853 0.7283854166666667 0.03796296296296296 0.028645833333333332
0 0.85 0.715625 0.037037037037037035 0.027083333333333334
0 0.3416666666666667 0.9640624999999999 0.05 0.034375
0 0.44907407407407407 0.9364583333333333 0.0462962962962963 0.03125
0 0.5856481481481481 0.8859374999999999 0.04351851851851852 0.029166666666666667
0 0.6736111111111112 0.8640625 0.04351851851851852 0.028125
0 0.7726851851851853 0.8296875 0.03796296296296296 0.027083333333333334
0 0.8486111111111111 0.8104166666666667 0.03425925925925926 0.027083333333333334