0 0.06658653846153846 0.3357204861111111 0.08701923076923078 0.0390625
0 0.23774038461538463 0.33441840277777773 0.08221153846153846 0.03862847222222222
0 0.4711538461538462 0.2938368055555555 0.07403846153846154 0.035590277777777776
0 0.6213942307692308 0.298828125 0.07259615384615385 0.035590277777777776
0 0.7891826923076923 0.3049045138888889 0.06490384615384616 0.03428819444444444
0 0.9242788461538463 0.3098958333333333 0.06105769230769231 0.03211805555555555
0 0.08990384615384615 0.4954427083333333 0.08365384615384616 0.034722222222222224
0 0.2552884615384616 0.4898003472222222 0.07500000000000001 0.03255208333333333
0 0.4586538461538462 0.44476996527777773 0.07500000000000001 0.033637152777777776
0 0.6038461538461539 0.4407552083333333 0.07211538461538462 0.03298611111111111
0 0.7771634615384616 0.4405381944444444 0.06682692307692308 0.031684027777777776
0 0.909375 0.43869357638888884 0.0639423076923077 0.03103298611111111
0 0.10865384615384616 0.6459418402777778 0.07980769230769232 0.03493923611111111
0 0.2685096153846154 0.6363932291666666 0.0764423076923077 0.032769097222222224
0 0.47524038461538465 0.6008029513888888 0.07355769230769231 0.03146701388888889
0 0.6165865384615385 0.592556423611111 0.06490384615384616 0.03103298611111111
0 0.7930288461538462 0.5826822916666666 0.06298076923076923 0.03125
0 0.9209134615384615 0.5785590277777778 0.06105769230769231 0.028645833333333332
0 0.13004807692307693 0.776150173611111 0.07451923076923077 0.033637152777777776
0 0.28629807692307696 0.763671875 0.07259615384615385 0.03255208333333333
0 0.4947115384615385 0.7284071180555555 0.07019230769230769 0.032769097222222224
0 0.6341346153846155 0.7179904513888888 0.06826923076923078 0.03146701388888889
0 0.7937500000000001 0.6947699652777778 0.0625 0.028428819444444444
0 0.9197115384615385 0.6837022569444444 0.057692307692307696 0.029296875