0 0.01388888888888889 0.5221354166666666 0.02777777777777778 0.015104166666666667
0 0.7694444444444445 0.3033854166666667 0.044444444444444446 0.015104166666666667
0 0.26342592592592595 0.19479166666666667 0.032407407407407406 0.0125
0 0.6550925925925927 0.178125 0.036111111111111115 0.0125
0 0.8541666666666667 0.21223958333333334 0.036111111111111115 0.013020833333333334
0 0.47870370370370374 0.13359375 0.02962962962962963 0.0078125
0 0.475462962962963 0.12447916666666667 0.028703703703703703 0.007291666666666667
0 0.4638888888888889 0.11927083333333333 0.02962962962962963 0.007291666666666667
0 0.500462962962963 0.13046875 0.026851851851851852 0.0078125
0 0.524537037037037 0.12760416666666666 0.028703703703703703 0.00625
0 0.5032407407407408 0.12161458333333333 0.030555555555555558 0.0067708333333333336