0 0.10167100694444443 0.24254807692307695 0.02495659722222222 0.018750000000000003
0 0.22721354166666666 0.23028846153846155 0.022135416666666664 0.01826923076923077
0 0.3289930555555555 0.2276442307692308 0.020399305555555556 0.014903846153846155
0 0.4487847222222222 0.22211538461538463 0.018663194444444444 0.014423076923076924
0 0.16796875 0.4120192307692308 0.029947916666666664 0.027884615384615386
0 0.535915798611111 0.3889423076923077 0.024522569444444444 0.02403846153846154
0 0.6361762152777778 0.16514423076923077 0.011935763888888888 0.01201923076923077
0 0.649197048611111 0.16201923076923078 0.013671875 0.0125
0 0.6695963541666666 0.16802884615384617 0.01540798611111111 0.011057692307692308
0 0.639431423611111 0.17740384615384616 0.014539930555555554 0.015384615384615385
0 0.6571180555555555 0.17427884615384617 0.015625 0.012980769230769231
0 0.6434461805555555 0.19086538461538463 0.016059027777777776 0.015384615384615385