0 0.950925925925926 0.9026041666666667 0.08888888888888889 0.04479166666666667
0 0.9851851851851853 0.5635416666666666 0.02592592592592593 0.013541666666666667
0 0.8986111111111111 0.6005208333333333 0.04166666666666667 0.014583333333333334
0 0.9740740740740741 0.6234375 0.044444444444444446 0.015625
0 0.19398148148148148 0.37395833333333334 0.04537037037037037 0.013541666666666667
0 0.6967592592592593 0.28359375 0.03796296296296296 0.009895833333333333
0 0.13333333333333333 0.28984375 0.03518518518518519 0.013020833333333334
0 0.33240740740740743 0.2604166666666667 0.03333333333333333 0.015625
0 0.4740740740740741 0.21197916666666666 0.020370370370370372 0.005208333333333333
0 0.4967592592592593 0.20859375 0.02314814814814815 0.005729166666666666
0 0.49722222222222223 0.2171875 0.022222222222222223 0.005208333333333333
0 0.5171296296296296 0.2203125 0.028703703703703703 0.00625
0 0.5222222222222223 0.21276041666666667 0.024074074074074074 0.0046875
0 0.5333333333333333 0.20703125 0.02962962962962963 0.0078125