0 0.29814814814814816 0.6088541666666667 0.09814814814814815 0.057291666666666664
0 0.034722222222222224 0.02395833333333333 0.06944444444444445 0.035416666666666666
0 0.7458333333333333 0.22369791666666666 0.05092592592592593 0.028645833333333332
0 0.8810185185185185 0.3997395833333333 0.05648148148148149 0.0328125
0 0.9930555555555556 0.5614583333333333 0.012037037037037037 0.03229166666666666
0 0.7430555555555556 0.006510416666666667 0.03796296296296296 0.013020833333333334
0 0.7398148148148148 0.01614583333333333 0.03888888888888889 0.01875
0 0.7810185185185186 0.02734375 0.03981481481481482 0.019270833333333334
0 0.7162037037037037 0.030989583333333334 0.032407407407407406 0.021354166666666667
0 0.7537037037037038 0.037760416666666664 0.02777777777777778 0.01614583333333333
0 0.7856481481481482 0.04296875 0.03425925925925926 0.0171875