0 0.9800925925925926 0.9205729166666666 0.03796296296296296 0.04635416666666667
0 0.9462962962962963 0.603125 0.040740740740740744 0.015625
0 0.2212962962962963 0.37447916666666664 0.0462962962962963 0.013541666666666667
0 0.7342592592592593 0.2778645833333333 0.037037037037037035 0.008854166666666666
0 0.16296296296296298 0.28411458333333334 0.03518518518518519 0.013020833333333334
0 0.3652777777777778 0.25338541666666664 0.036111111111111115 0.013020833333333334
0 0.5101851851851852 0.20859375 0.022222222222222223 0.0067708333333333336
0 0.524537037037037 0.21380208333333334 0.021296296296296296 0.005729166666666666
0 0.5472222222222223 0.21484375 0.02962962962962963 0.005729166666666666
0 0.5291666666666667 0.20494791666666667 0.025 0.0078125
0 0.5532407407407408 0.20729166666666665 0.028703703703703703 0.007291666666666667
0 0.5671296296296297 0.20208333333333334 0.030555555555555558 0.00625