0 0.10177951388888888 0.4747596153846154 0.010416666666666666 0.00625
0 0.07866753472222222 0.5209134615384615 0.015842013888888888 0.008173076923076924
0 0.16883680555555555 0.5242788461538462 0.015625 0.008173076923076924
0 0.2697482638888889 0.525 0.014322916666666666 0.008653846153846154
0 0.3640407986111111 0.5307692307692308 0.014105902777777776 0.008653846153846154
0 0.1784939236111111 0.42812500000000003 0.004557291666666666 0.0033653846153846156
0 0.19064670138888887 0.42860576923076926 0.006293402777777777 0.0033653846153846156
0 0.2068142361111111 0.43149038461538464 0.005642361111111111 0.0033653846153846156
0 0.2185329861111111 0.43173076923076925 0.005208333333333333 0.0038461538461538464
0 0.23274739583333331 0.4338942307692308 0.005425347222222222 0.0033653846153846156
0 0.24479166666666666 0.4346153846153846 0.005642361111111111 0.0028846153846153848
0 0.16731770833333331 0.43822115384615384 0.004774305555555555 0.004326923076923077
0 0.17936197916666666 0.43918269230769236 0.005859375 0.0033653846153846156
0 0.19476996527777776 0.44230769230769235 0.005859375 0.0028846153846153848
0 0.20768229166666666 0.4432692307692308 0.006076388888888888 0.0028846153846153848
0 0.22384982638888887 0.4444711538461539 0.005425347222222222 0.0033653846153846156
0 0.23643663194444442 0.4449519230769231 0.005859375 0.0033653846153846156
0 0.15462239583333331 0.45096153846153847 0.005859375 0.0038461538461538464
0 0.1677517361111111 0.4516826923076923 0.005642361111111111 0.0033653846153846156
0 0.18098958333333331 0.45649038461538466 0.006076388888888888 0.0033653846153846156
0 0.1939019097222222 0.4567307692307693 0.006293402777777777 0.0038461538461538464
0 0.2105034722222222 0.45793269230769235 0.006510416666666666 0.0033653846153846156
0 0.22374131944444442 0.45769230769230773 0.004774305555555555 0.0038461538461538464
0 0.14073350694444445 0.46490384615384617 0.005425347222222222 0.0038461538461538464
0 0.15342881944444445 0.4653846153846154 0.006510416666666666 0.0038461538461538464
0 0.17003038194444445 0.46995192307692313 0.006293402777777777 0.004326923076923077
0 0.18381076388888887 0.47067307692307697 0.005642361111111111 0.0038461538461538464
0 0.20052083333333331 0.47067307692307697 0.006510416666666666 0.0038461538461538464
0 0.21408420138888887 0.4709134615384616 0.005859375 0.004326923076923077
0 0.3536241319444444 0.41442307692307695 0.010199652777777778 0.0057692307692307696
0 0.4295789930555555 0.5733173076923077 0.012803819444444444 0.008173076923076924
0 0.5268012152777778 0.5764423076923078 0.012803819444444444 0.008653846153846154
0 0.6051432291666666 0.58125 0.012369791666666666 0.008653846153846154
0 0.6897786458333333 0.5894230769230769 0.013237847222222222 0.009615384615384616
0 0.7728949652777778 0.5954326923076924 0.014105902777777776 0.010096153846153847
0 0.8683810763888888 0.598798076923077 0.01540798611111111 0.010096153846153847
0 0.47384982638888884 0.4689903846153846 0.01150173611111111 0.007211538461538462
0 0.4825303819444444 0.43822115384615384 0.010633680555555554 0.00625
0 0.4866536458333333 0.39014423076923077 0.008897569444444444 0.0033653846153846156
0 0.4842664930555555 0.415625 0.009765625 0.004326923076923077
0 0.7445746527777778 0.35504807692307694 0.011284722222222222 0.005288461538461539
0 0.6108940972222222 0.33966346153846155 0.010416666666666666 0.005288461538461539
0 0.6817491319444444 0.3766826923076923 0.010633680555555554 0.007211538461538462
0 0.8315972222222222 0.39543269230769235 0.01171875 0.00625
0 0.3755425347222222 0.3608173076923077 0.006727430555555555 0.00625
0 0.5464409722222222 0.3788461538461539 0.008246527777777778 0.006730769230769231
0 0.5572916666666666 0.3786057692307693 0.008680555555555556 0.0033653846153846156
0 0.5568576388888888 0.37403846153846154 0.0078125 0.004807692307692308
0 0.560546875 0.3701923076923077 0.007378472222222222 0.0057692307692307696
0 0.56640625 0.3790865384615385 0.0078125 0.005288461538461539
0 0.5673828125 0.37572115384615384 0.008463541666666666 0.004326923076923077
0 0.9944661458333333 0.37451923076923077 0.010633680555555554 0.009615384615384616