0 0.2939903846153846 0.40842013888888884 0.08605769230769231 0.008680555555555556
0 0.630048076923077 0.4021267361111111 0.024519230769230772 0.00390625
0 0.6651442307692308 0.41330295138888884 0.024519230769230772 0.003689236111111111
0 0.7093750000000001 0.40961371527777773 0.023557692307692307 0.003689236111111111
0 0.6725961538461539 0.3972439236111111 0.026923076923076925 0.003255208333333333
0 0.7115384615384616 0.39398871527777773 0.023076923076923078 0.003255208333333333
0 0.7557692307692309 0.3887803819444444 0.025 0.003255208333333333
0 0.7918269230769232 0.3858506944444444 0.022115384615384617 0.003038194444444444
0 0.8733173076923078 0.3917100694444444 0.024519230769230772 0.003472222222222222
0 0.8387019230769232 0.3950737847222222 0.024519230769230772 0.003689236111111111
0 0.8036057692307693 0.40060763888888884 0.026442307692307696 0.003472222222222222
0 0.7632211538461539 0.4041883680555555 0.02836538461538462 0.003689236111111111
0 0.7776442307692308 0.4228515625 0.029326923076923077 0.003689236111111111
0 0.8240384615384616 0.41840277777777773 0.026923076923076925 0.00390625
0 0.8759615384615385 0.4136284722222222 0.026923076923076925 0.003038194444444444
0 0.9161057692307693 0.4100477430555555 0.026442307692307696 0.0028211805555555555
0 0.9382211538461539 0.40277777777777773 0.026442307692307696 0.003038194444444444
0 0.9745192307692309 0.39908854166666663 0.027884615384615386 0.003038194444444444
0 0.880048076923077 0.43402777777777773 0.030288461538461542 0.003472222222222222
0 0.9276442307692309 0.42892795138888884 0.027403846153846154 0.003689236111111111
0 0.9819711538461539 0.42426215277777773 0.03125 0.003472222222222222
0 0.5930288461538462 0.4046223958333333 0.02259615384615385 0.0028211805555555555