0 0.30833333333333335 0.5453125 0.05555555555555556 0.035416666666666666
0 0.42453703703703705 0.53515625 0.05092592592592593 0.03177083333333333
0 0.5782407407407407 0.48411458333333335 0.04537037037037037 0.0328125
0 0.6717592592592593 0.48203124999999997 0.04351851851851852 0.0296875
0 0.774537037037037 0.47890625 0.03796296296296296 0.028645833333333332
0 0.8560185185185185 0.47682291666666665 0.036111111111111115 0.027604166666666666
0 0.3189814814814815 0.6971354166666667 0.05648148148148149 0.034895833333333334
0 0.4328703703703704 0.6791666666666667 0.05092592592592593 0.03229166666666666
0 0.5666666666666667 0.62421875 0.0462962962962963 0.030729166666666665
0 0.6601851851851852 0.6119791666666666 0.04259259259259259 0.029166666666666667
0 0.7662037037037037 0.6020833333333333 0.03981481481481482 0.028125
0 0.8458333333333333 0.5916666666666667 0.036111111111111115 0.028125
0 0.32962962962962966 0.8403645833333333 0.053703703703703705 0.0328125
0 0.4388888888888889 0.8169270833333333 0.05 0.0328125
0 0.5745370370370371 0.7671875 0.04537037037037037 0.03125
0 0.6662037037037037 0.7494791666666667 0.04166666666666667 0.029166666666666667
0 0.7740740740740741 0.7283854166666667 0.037037037037037035 0.028645833333333332
0 0.850462962962963 0.7153645833333333 0.03425925925925926 0.0265625
0 0.3416666666666667 0.9635416666666666 0.05185185185185186 0.034375
0 0.4481481481481482 0.9367187499999999 0.04814814814814815 0.030729166666666665
0 0.5851851851851853 0.88515625 0.044444444444444446 0.03177083333333333
0 0.6731481481481482 0.86328125 0.040740740740740744 0.028645833333333332
0 0.7726851851851853 0.8291666666666666 0.03796296296296296 0.028125
0 0.8490740740740741 0.8098958333333334 0.03518518518518519 0.026041666666666668