0 0.21009615384615385 0.5008680555555556 0.06153846153846154 0.02907986111111111
0 0.43942307692307697 0.3887803819444444 0.019230769230769232 0.007595486111111111
0 0.4807692307692308 0.3858506944444444 0.023076923076923078 0.008680555555555556
0 0.5069711538461539 0.36881510416666663 0.02259615384615385 0.009765625
0 0.46153846153846156 0.3721788194444444 0.020192307692307693 0.009114583333333332
0 0.4841346153846154 0.357421875 0.019230769230769232 0.008246527777777778
0 0.5379807692307692 0.3481987847222222 0.022115384615384617 0.009765625
0 0.5759615384615385 0.3565538194444444 0.02403846153846154 0.010850694444444444
0 0.5997596153846154 0.3401692708333333 0.02548076923076923 0.010633680555555554
0 0.5069711538461539 0.3394097222222222 0.018750000000000003 0.0078125
0 0.5269230769230769 0.326171875 0.019230769230769232 0.008680555555555556
0 0.5598557692307693 0.3330078125 0.01971153846153846 0.008897569444444444
0 0.5752403846153846 0.3175998263888889 0.020673076923076926 0.008029513888888888
0 0.5949519230769231 0.3040364583333333 0.017788461538461538 0.007378472222222222
0 0.6319711538461539 0.3182508680555555 0.02259615384615385 0.009331597222222222
0 0.664423076923077 0.3315972222222222 0.025 0.010850694444444444
0 0.6920673076923077 0.3130425347222222 0.02548076923076923 0.010199652777777778
0 0.6538461538461539 0.3032769097222222 0.022115384615384617 0.010199652777777778
0 0.6584134615384616 0.2911241319444444 0.021634615384615384 0.008897569444444444
0 0.6764423076923077 0.2774522569444444 0.021153846153846155 0.009331597222222222
0 0.7225961538461538 0.2922092013888889 0.025 0.010199652777777778