0 0.4925130208333333 0.8670673076923078 0.026692708333333332 0.026442307692307696
0 0.6444227430555555 0.7576923076923078 0.018012152777777776 0.01826923076923077
0 0.0185546875 0.6492788461538462 0.01540798611111111 0.012980769230769231
0 0.05989583333333333 0.6745192307692308 0.017361111111111112 0.01826923076923077
0 0.19552951388888887 0.6901442307692308 0.020833333333333332 0.018750000000000003
0 0.2814670138888889 0.7305288461538462 0.021701388888888888 0.02259615384615385
0 0.3786892361111111 0.7961538461538462 0.021701388888888888 0.025
0 0.11328125 0.7105769230769231 0.015190972222222222 0.014423076923076924
0 0.2786458333333333 0.3721153846153846 0.00954861111111111 0.004807692307692308
0 0.5316840277777778 0.43509615384615385 0.011284722222222222 0.009615384615384616
0 0.41276041666666663 0.5288461538461539 0.013888888888888888 0.011538461538461539
0 0.263671875 0.5507211538461538 0.008246527777777778 0.012980769230769231
0 0.3095703125 0.5158653846153847 0.008463541666666666 0.010576923076923078
0 0.3577473958333333 0.48365384615384616 0.008463541666666666 0.010576923076923078
0 0.4110243055555555 0.44879807692307694 0.007378472222222222 0.010096153846153847
0 0.16471354166666666 0.4084134615384616 0.015625 0.013942307692307693
0 0.07628038194444443 0.40384615384615385 0.01150173611111111 0.008653846153846154
0 0.19270833333333331 0.36947115384615387 0.008680555555555556 0.010096153846153847
0 0.6158854166666666 0.664423076923077 0.012152777777777776 0.010576923076923078
0 0.634765625 0.6709134615384615 0.01171875 0.01201923076923077
0 0.6338975694444444 0.6367788461538462 0.008680555555555556 0.007211538461538462
0 0.6539713541666666 0.6413461538461539 0.011067708333333332 0.009615384615384616
0 0.65234375 0.6086538461538462 0.008680555555555556 0.007692307692307693
0 0.6694878472222222 0.6117788461538461 0.00954861111111111 0.007211538461538462
0 0.6650390625 0.5858173076923078 0.007161458333333333 0.008173076923076924
0 0.6834852430555555 0.5915865384615385 0.007595486111111111 0.007211538461538462
0 0.6580946180555555 0.6819711538461539 0.008897569444444444 0.008173076923076924
0 0.6797960069444444 0.6889423076923077 0.008897569444444444 0.008653846153846154
0 0.6759982638888888 0.6507211538461539 0.008246527777777778 0.008173076923076924
0 0.693142361111111 0.6538461538461539 0.009114583333333332 0.011538461538461539
0 0.7389322916666666 0.6978365384615385 0.011284722222222222 0.012980769230769231
0 0.717556423611111 0.6942307692307693 0.008897569444444444 0.011538461538461539
0 0.7317708333333333 0.6569711538461539 0.009114583333333332 0.010096153846153847
0 0.7456597222222222 0.6276442307692308 0.01171875 0.010096153846153847
0 0.7680121527777778 0.6338942307692308 0.01171875 0.011057692307692308
0 0.7548828125 0.6649038461538462 0.009765625 0.009615384615384616
0 0.6929253472222222 0.6211538461538462 0.008680555555555556 0.009615384615384616
0 0.7144097222222222 0.6233173076923078 0.009114583333333332 0.011057692307692308