0 0.9768518518518519 0.8624999999999999 0.044444444444444446 0.04375
0 0.9208333333333334 0.5494791666666666 0.04351851851851852 0.0125
0 0.987962962962963 0.5708333333333333 0.022222222222222223 0.015625
0 0.9967592592592593 0.5080729166666667 0.004629629629629629 0.0078125
0 0.6930555555555555 0.22057291666666667 0.036111111111111115 0.013020833333333334
0 0.17546296296296296 0.32838541666666665 0.04537037037037037 0.0140625
0 0.11157407407407408 0.22916666666666666 0.036111111111111115 0.011458333333333333
0 0.3060185185185185 0.20182291666666666 0.028703703703703703 0.008854166666666666
0 0.4550925925925926 0.15286458333333333 0.02314814814814815 0.0067708333333333336
0 0.47731481481481486 0.14791666666666667 0.026851851851851852 0.005208333333333333
0 0.47962962962962963 0.15546875 0.02592592592592593 0.005729166666666666
0 0.500462962962963 0.159375 0.030555555555555558 0.007291666666666667
0 0.5027777777777778 0.15104166666666666 0.02962962962962963 0.005208333333333333
0 0.5171296296296296 0.1453125 0.028703703703703703 0.00625