0 0.9833333333333334 0.5223958333333333 0.031481481481481485 0.014583333333333334
0 0.2263888888888889 0.3026041666666667 0.04537037037037037 0.015625
0 0.7347222222222223 0.19296875 0.03425925925925926 0.015104166666666667
0 0.13842592592592592 0.20390624999999998 0.04166666666666667 0.0140625
0 0.33564814814814814 0.175 0.028703703703703703 0.010416666666666666
0 0.4726851851851852 0.12708333333333333 0.021296296296296296 0.005208333333333333
0 0.4986111111111111 0.1296875 0.025 0.00625
0 0.5194444444444445 0.13411458333333334 0.02777777777777778 0.0067708333333333336
0 0.4935185185185185 0.12213541666666666 0.02592592592592593 0.005729166666666666
0 0.5212962962962964 0.12526041666666665 0.02962962962962963 0.0046875
0 0.5342592592592593 0.11927083333333333 0.031481481481481485 0.005208333333333333