0 0.04722222222222222 0.9026041666666667 0.08703703703703704 0.04583333333333333
0 0.012037037037037037 0.56328125 0.024074074074074074 0.0140625
0 0.02361111111111111 0.6231770833333333 0.04351851851851852 0.01614583333333333
0 0.0976851851851852 0.6005208333333333 0.04166666666666667 0.014583333333333334
0 0.300462962962963 0.2830729166666667 0.03796296296296296 0.008854166666666666
0 0.8037037037037037 0.3734375 0.04814814814814815 0.0125
0 0.46342592592592596 0.20651041666666667 0.028703703703703703 0.0078125
0 0.475462962962963 0.21119791666666665 0.026851851851851852 0.005729166666666666
0 0.47962962962962963 0.2203125 0.031481481481481485 0.007291666666666667
0 0.5050925925925926 0.20833333333333334 0.030555555555555558 0.005208333333333333
0 0.5013888888888889 0.21588541666666666 0.025 0.005729166666666666
0 0.5208333333333334 0.21276041666666667 0.028703703703703703 0.005729166666666666
0 0.6675925925925926 0.2546875 0.02777777777777778 0.010416666666666666
0 0.8597222222222223 0.28463541666666664 0.030555555555555558 0.0109375