0 0.7449074074074075 0.5528645833333333 0.08055555555555556 0.04114583333333333
0 0.06759259259259259 0.06848958333333333 0.044444444444444446 0.0140625
0 0.036111111111111115 0.13151041666666666 0.0462962962962963 0.01614583333333333
0 0.12824074074074074 0.12578125 0.04537037037037037 0.015104166666666667
0 0.11064814814814815 0.20286458333333332 0.049074074074074076 0.0171875
0 0.2064814814814815 0.19479166666666667 0.0462962962962963 0.017708333333333333
0 0.19398148148148148 0.2830729166666667 0.05092592592592593 0.0203125
0 0.29305555555555557 0.271875 0.05092592592592593 0.019791666666666666
0 0.45462962962962966 0.2760416666666667 0.04814814814814815 0.019791666666666666
0 0.5407407407407407 0.2630208333333333 0.0462962962962963 0.01875
0 0.6347222222222223 0.24791666666666667 0.04351851851851852 0.017708333333333333
0 0.7106481481481481 0.23619791666666667 0.04166666666666667 0.0171875
0 0.19953703703703704 0.06979166666666667 0.04166666666666667 0.014583333333333334
0 0.2814814814814815 0.06588541666666667 0.040740740740740744 0.013020833333333334
0 0.3824074074074074 0.06510416666666667 0.03888888888888889 0.013541666666666667
0 0.45740740740740743 0.06145833333333333 0.037037037037037035 0.013541666666666667
0 0.525462962962963 0.10859375 0.03796296296296296 0.0140625
0 0.3476851851851852 0.12213541666666666 0.04351851851851852 0.015104166666666667
0 0.2638888888888889 0.12864583333333332 0.04259259259259259 0.015625
0 0.45092592592592595 0.11562499999999999 0.04259259259259259 0.014583333333333334
0 0.3509259259259259 0.20286458333333332 0.044444444444444446 0.0171875
0 0.4375 0.19479166666666667 0.04166666666666667 0.016666666666666666
0 0.5356481481481482 0.18255208333333334 0.04166666666666667 0.015104166666666667
0 0.6125 0.17447916666666666 0.03981481481481482 0.015625