0 0.8652777777777778 0.6984375 0.08796296296296297 0.04791666666666666
0 0.008796296296296297 0.16276041666666666 0.017592592592592594 0.0171875
0 0.08703703703703704 0.15546875 0.044444444444444446 0.015104166666666667
0 0.05740740740740741 0.22578125 0.05 0.0171875
0 0.15462962962962964 0.21536458333333333 0.0462962962962963 0.01614583333333333
0 0.14351851851851852 0.30104166666666665 0.05 0.020833333333333332
0 0.24166666666666667 0.28932291666666665 0.04814814814814815 0.018229166666666668
0 0.23564814814814816 0.3875 0.05462962962962963 0.021875
0 0.33842592592592596 0.371875 0.049074074074074076 0.021875
0 0.22314814814814815 0.15338541666666666 0.04259259259259259 0.015104166666666667
0 0.3055555555555556 0.146875 0.040740740740740744 0.014583333333333334
0 0.4083333333333333 0.14375 0.04259259259259259 0.013541666666666667
0 0.4861111111111111 0.13776041666666666 0.03888888888888889 0.0140625
0 0.2949074074074074 0.21458333333333332 0.04351851851851852 0.016666666666666666
0 0.3800925925925926 0.20625 0.04166666666666667 0.014583333333333334
0 0.4847222222222222 0.19635416666666666 0.04351851851851852 0.014583333333333334
0 0.5615740740740741 0.18697916666666667 0.03796296296296296 0.014583333333333334
0 0.3902777777777778 0.29375 0.04722222222222222 0.01875
0 0.4791666666666667 0.28125 0.04537037037037037 0.016666666666666666
0 0.5800925925925926 0.26666666666666666 0.04351851851851852 0.015625
0 0.6587962962962963 0.2559895833333333 0.04351851851851852 0.01614583333333333
0 0.5060185185185185 0.3716145833333333 0.04722222222222222 0.019270833333333334
0 0.5944444444444444 0.35572916666666665 0.04814814814814815 0.019791666666666666
0 0.6916666666666667 0.3372395833333333 0.044444444444444446 0.019270833333333334
0 0.7675925925925926 0.3221354166666667 0.040740740740740744 0.018229166666666668