0 0.038425925925925926 0.8893229166666666 0.07685185185185185 0.04739583333333333
0 0.007407407407407408 0.5315104166666667 0.014814814814814815 0.01614583333333333
0 0.09074074074074075 0.5721354166666667 0.040740740740740744 0.0140625
0 0.017592592592592594 0.5940104166666667 0.03518518518518519 0.0171875
0 0.3078703703703704 0.24348958333333334 0.04166666666666667 0.011979166666666666
0 0.826388888888889 0.34869791666666666 0.04722222222222222 0.0140625
0 0.6800925925925926 0.21953124999999998 0.028703703703703703 0.0109375
0 0.8870370370370371 0.25703125 0.03333333333333333 0.011979166666666666
0 0.4953703703703704 0.18359375 0.02962962962962963 0.0078125
0 0.47731481481481486 0.16875 0.026851851851851852 0.007291666666666667
0 0.4916666666666667 0.17395833333333333 0.02962962962962963 0.00625
0 0.5180555555555556 0.171875 0.028703703703703703 0.00625
0 0.5356481481481482 0.17604166666666665 0.030555555555555558 0.007291666666666667
0 0.5143518518518518 0.17890625 0.026851851851851852 0.0078125