0 0.022685185185185187 0.8630208333333333 0.04537037037037037 0.046875
0 0.07731481481481482 0.55 0.04351851851851852 0.015625
0 0.0023148148148148147 0.5091145833333334 0.004629629629629629 0.008854166666666666
0 0.011111111111111112 0.57265625 0.022222222222222223 0.01614583333333333
0 0.5194444444444445 0.15598958333333332 0.02777777777777778 0.0067708333333333336
0 0.48194444444444445 0.14557291666666666 0.028703703703703703 0.0067708333333333336
0 0.4953703703703704 0.15104166666666666 0.02962962962962963 0.00625
0 0.5240740740740741 0.14817708333333332 0.02592592592592593 0.005729166666666666
0 0.5430555555555556 0.15286458333333333 0.021296296296296296 0.005729166666666666
0 0.4986111111111111 0.16015625 0.028703703703703703 0.0078125
0 0.8217592592592593 0.32786458333333335 0.049074074074074076 0.015104166666666667
0 0.3023148148148148 0.22135416666666666 0.036111111111111115 0.011458333333333333
0 0.6782407407407408 0.20104166666666667 0.030555555555555558 0.014583333333333334
0 0.8824074074074074 0.23489583333333333 0.02962962962962963 0.014583333333333334