0 0.975462962962963 0.8638020833333333 0.04722222222222222 0.0453125
0 0.9953703703703705 0.5075520833333333 0.007407407407407408 0.011979166666666666
0 0.9875 0.5716145833333334 0.02314814814814815 0.0171875
0 0.9208333333333334 0.5494791666666666 0.04351851851851852 0.015625
0 0.17222222222222222 0.328125 0.06296296296296297 0.0125
0 0.6930555555555555 0.22109375 0.03981481481481482 0.0140625
0 0.3189814814814815 0.19765625 0.03425925925925926 0.013020833333333334
0 0.10694444444444445 0.22838541666666667 0.036111111111111115 0.0171875
0 0.45555555555555555 0.15286458333333333 0.024074074074074074 0.005729166666666666
0 0.49953703703703706 0.15963541666666667 0.028703703703703703 0.005729166666666666
0 0.4763888888888889 0.15729166666666666 0.021296296296296296 0.00625
0 0.4763888888888889 0.14869791666666665 0.02314814814814815 0.0067708333333333336
0 0.5041666666666667 0.15182291666666667 0.025 0.0046875
0 0.5152777777777778 0.1453125 0.030555555555555558 0.005208333333333333