0 0.6199074074074075 0.7684895833333333 0.10277777777777779 0.05364583333333333
0 0.0962962962962963 0.6747395833333333 0.05925925925925926 0.0265625
0 0.22870370370370371 0.17630208333333333 0.037037037037037035 0.009895833333333333
0 0.09444444444444444 0.24479166666666666 0.03888888888888889 0.011458333333333333
0 0.3648148148148148 0.29453125 0.05 0.0171875
0 0.27824074074074073 0.10703125 0.025 0.0067708333333333336
0 0.3055555555555556 0.10703125 0.02777777777777778 0.0078125
0 0.2523148148148148 0.10963541666666667 0.026851851851851852 0.005729166666666666
0 0.2625 0.10052083333333334 0.025 0.00625
0 0.29814814814814816 0.090625 0.02962962962962963 0.007291666666666667
0 0.2939814814814815 0.09817708333333333 0.030555555555555558 0.0067708333333333336