0 0.006481481481481482 0.5653645833333333 0.012962962962962964 0.0265625
0 0.11527777777777778 0.3989583333333333 0.058333333333333334 0.03229166666666666
0 0.25416666666666665 0.22317708333333333 0.05462962962962963 0.027604166666666666
0 0.6976851851851852 0.6104166666666666 0.09907407407407408 0.057291666666666664
0 0.9648148148148149 0.024479166666666666 0.06851851851851852 0.036458333333333336
0 0.25601851851851853 0.0049479166666666664 0.03796296296296296 0.009895833333333333
0 0.21805555555555556 0.027083333333333334 0.030555555555555558 0.014583333333333334
0 0.2555555555555556 0.01640625 0.03518518518518519 0.0109375
0 0.2087962962962963 0.04348958333333333 0.032407407407407406 0.0140625
0 0.24120370370370373 0.036458333333333336 0.036111111111111115 0.013541666666666667
0 0.2800925925925926 0.031510416666666666 0.028703703703703703 0.0171875