0 0.06754807692307693 0.3352864583333333 0.08509615384615385 0.039496527777777776
0 0.2372596153846154 0.33463541666666663 0.07836538461538461 0.03645833333333333
0 0.4711538461538462 0.2941623263888889 0.07500000000000001 0.03624131944444444
0 0.6221153846153846 0.2989366319444444 0.07115384615384615 0.03624131944444444
0 0.7882211538461539 0.3050130208333333 0.06586538461538462 0.032769097222222224
0 0.9228365384615385 0.3097873263888889 0.06105769230769231 0.03233506944444444
0 0.09110576923076924 0.4964192708333333 0.07836538461538461 0.03493923611111111
0 0.2560096153846154 0.4900173611111111 0.07548076923076924 0.03342013888888889
0 0.4586538461538462 0.4441189236111111 0.07211538461538462 0.03493923611111111
0 0.6045673076923077 0.4409722222222222 0.06971153846153846 0.03255208333333333
0 0.7776442307692308 0.44140625 0.06778846153846155 0.031684027777777776
0 0.909375 0.4384765625 0.06298076923076923 0.030598958333333332
0 0.11009615384615386 0.6459418402777778 0.07596153846153847 0.03407118055555555
0 0.26778846153846153 0.636501736111111 0.07500000000000001 0.033854166666666664
0 0.4745192307692308 0.6008029513888888 0.06923076923076923 0.03146701388888889
0 0.6170673076923078 0.592556423611111 0.06586538461538462 0.03103298611111111
0 0.7923076923076924 0.5830078125 0.0625 0.030598958333333332
0 0.9199519230769231 0.5789930555555555 0.05913461538461539 0.029513888888888888
0 0.1293269230769231 0.776150173611111 0.07596153846153847 0.033203125
0 0.28581730769230773 0.762478298611111 0.07067307692307692 0.03146701388888889
0 0.4949519230769231 0.7289496527777778 0.06586538461538462 0.031684027777777776
0 0.6329326923076923 0.7176649305555555 0.06586538461538462 0.030381944444444444
0 0.7935096153846154 0.6940104166666666 0.06009615384615385 0.02907986111111111
0 0.9180288461538462 0.68359375 0.058173076923076925 0.02907986111111111