0 0.1675347222222222 0.3949519230769231 0.010416666666666666 0.004326923076923077
0 0.2550998263888889 0.3557692307692308 0.010633680555555554 0.004807692307692308
0 0.13151041666666666 0.5985576923076923 0.015190972222222222 0.009615384615384616
0 0.2273220486111111 0.5951923076923077 0.014105902777777776 0.008653846153846154
0 0.3093532986111111 0.5894230769230769 0.014105902777777776 0.008653846153846154
0 0.3948567708333333 0.5810096153846154 0.013671875 0.009134615384615385
0 0.4727647569444444 0.5764423076923078 0.013671875 0.008653846153846154
0 0.3177083333333333 0.3752403846153846 0.010850694444444444 0.004326923076923077
0 0.3884548611111111 0.33966346153846155 0.010416666666666666 0.004326923076923077
0 0.43185763888888884 0.37451923076923077 0.009114583333333332 0.004807692307692308
0 0.43381076388888884 0.3790865384615385 0.008680555555555556 0.004326923076923077
0 0.43891059027777773 0.3697115384615385 0.007595486111111111 0.004807692307692308
0 0.44281684027777773 0.37403846153846154 0.008897569444444444 0.004807692307692308
0 0.4427083333333333 0.37812500000000004 0.009114583333333332 0.005288461538461539
0 0.4530164930555555 0.3790865384615385 0.008897569444444444 0.007211538461538462
0 0.5126953125 0.390625 0.009765625 0.004326923076923077
0 0.5155164930555556 0.415625 0.010633680555555554 0.005288461538461539
0 0.5168185763888888 0.43822115384615384 0.010633680555555554 0.00625
0 0.5258246527777778 0.46923076923076923 0.01171875 0.006730769230769231
0 0.5697699652777778 0.5728365384615385 0.012803819444444444 0.008173076923076924
0 0.635525173611111 0.5305288461538462 0.014105902777777776 0.008173076923076924
0 0.6460503472222222 0.4139423076923077 0.010850694444444444 0.0057692307692307696
0 0.7300347222222222 0.5247596153846155 0.014322916666666666 0.008173076923076924
0 0.6245659722222222 0.3596153846153846 0.007378472222222222 0.0038461538461538464
0 0.830837673611111 0.5242788461538462 0.01540798611111111 0.009134615384615385
0 0.8980034722222222 0.47500000000000003 0.010416666666666666 0.006730769230769231
0 0.920681423611111 0.5216346153846154 0.01714409722222222 0.010576923076923078
0 0.7548828125 0.43485576923076924 0.005859375 0.0033653846153846156
0 0.7668185763888888 0.43341346153846155 0.005859375 0.0033653846153846156
0 0.7631293402777778 0.4447115384615385 0.005859375 0.0038461538461538464
0 0.7749565972222222 0.44423076923076926 0.004774305555555555 0.0038461538461538464
0 0.7807074652777777 0.4322115384615385 0.005859375 0.0038461538461538464
0 0.792751736111111 0.4310096153846154 0.005642361111111111 0.0033653846153846156
0 0.8084852430555555 0.42836538461538465 0.005859375 0.0038461538461538464
0 0.8206380208333333 0.4278846153846154 0.005425347222222222 0.0028846153846153848
0 0.791775173611111 0.4432692307692308 0.005859375 0.0028846153846153848
0 0.8050130208333333 0.44230769230769235 0.005859375 0.0028846153846153848
0 0.8197699652777777 0.43918269230769236 0.005425347222222222 0.0033653846153846156
0 0.8319227430555555 0.43798076923076923 0.005425347222222222 0.0038461538461538464
0 0.7756076388888888 0.4574519230769231 0.006076388888888888 0.0033653846153846156
0 0.7886284722222222 0.45769230769230773 0.005642361111111111 0.0038461538461538464
0 0.8049045138888888 0.4572115384615385 0.006510416666666666 0.0038461538461538464
0 0.8182508680555555 0.45625000000000004 0.006293402777777777 0.0038461538461538464
0 0.8319227430555555 0.4519230769230769 0.005859375 0.0038461538461538464
0 0.8444010416666666 0.45096153846153847 0.006076388888888888 0.0038461538461538464
0 0.7852647569444444 0.4713942307692308 0.005859375 0.004326923076923077
0 0.798828125 0.47067307692307697 0.006944444444444444 0.0038461538461538464
0 0.8154296875 0.47043269230769236 0.006293402777777777 0.004326923076923077
0 0.8291015625 0.4697115384615385 0.006727430555555555 0.0038461538461538464
0 0.8453776041666666 0.4651442307692308 0.006727430555555555 0.004326923076923077
0 0.8586154513888888 0.4641826923076923 0.006293402777777777 0.0033653846153846156
0 0.004340277777777778 0.37548076923076923 0.008680555555555556 0.007692307692307693