0 0.05740740740740741 0.51796875 0.07222222222222223 0.0390625
0 0.14953703703703705 0.4609375 0.06759259259259259 0.035416666666666666
0 0.21805555555555556 0.3559895833333333 0.0638888888888889 0.034895833333333334
0 0.300462962962963 0.31354166666666666 0.05648148148148149 0.03333333333333333
0 0.3907407407407408 0.26848958333333334 0.053703703703703705 0.0296875
0 0.46064814814814814 0.23411458333333332 0.05277777777777778 0.027604166666666666
0 0.6203703703703703 0.32734375 0.0462962962962963 0.027604166666666666
0 0.5643518518518519 0.36796875 0.05092592592592593 0.0296875
0 0.4814814814814815 0.42135416666666664 0.053703703703703705 0.03125
0 0.4152777777777778 0.46979166666666666 0.05648148148148149 0.03229166666666666
0 0.375462962962963 0.5697916666666667 0.06018518518518519 0.035416666666666666
0 0.2972222222222222 0.6309895833333333 0.06481481481481481 0.03802083333333333
0 0.5175925925925926 0.73671875 0.05740740740740741 0.03697916666666667
0 0.5824074074074075 0.67265625 0.05555555555555556 0.034895833333333334
0 0.6328703703703704 0.57734375 0.05092592592592593 0.0328125
0 0.688425925925926 0.5255208333333333 0.04722222222222222 0.030208333333333334
0 0.7537037037037038 0.46328125 0.0462962962962963 0.0296875
0 0.8032407407407408 0.42135416666666664 0.04351851851851852 0.027083333333333334
0 0.9365740740740741 0.49505208333333334 0.04166666666666667 0.027604166666666666
0 0.8976851851851853 0.5408854166666667 0.04166666666666667 0.028645833333333332
0 0.8592592592592593 0.60859375 0.0462962962962963 0.030729166666666665
0 0.8125 0.6630208333333333 0.04722222222222222 0.03229166666666666
0 0.7625000000000001 0.7591145833333334 0.049074074074074076 0.034895833333333334
0 0.7069444444444445 0.825 0.05277777777777778 0.036458333333333336