0 0.0712962962962963 0.38828125 0.03333333333333333 0.0140625
0 0.12407407407407407 0.53125 0.03888888888888889 0.020833333333333332
0 0.3689814814814815 0.2671875 0.030555555555555558 0.017708333333333333
0 0.9092592592592593 0.4114583333333333 0.03333333333333333 0.017708333333333333
0 0.9856481481481482 0.39791666666666664 0.026851851851851852 0.01875
0 0.9263888888888889 0.34869791666666666 0.032407407407407406 0.0171875
0 0.12175925925925926 0.3067708333333333 0.017592592592592594 0.010416666666666666
0 0.1527777777777778 0.28802083333333334 0.022222222222222223 0.011458333333333333
0 0.15694444444444444 0.2794270833333333 0.026851851851851852 0.0140625
0 0.14166666666666666 0.2994791666666667 0.018518518518518517 0.009375
0 0.13194444444444445 0.29609375 0.02314814814814815 0.0109375