0 0.25 0.7377604166666667 0.10370370370370371 0.05364583333333333
0 0.013425925925925926 0.46510416666666665 0.026851851851851852 0.034375
0 0.13796296296296298 0.15260416666666665 0.05 0.015625
0 0.6615740740740741 0.30026041666666664 0.049074074074074076 0.019270833333333334
0 0.3611111111111111 0.15234375 0.044444444444444446 0.0140625
0 0.5305555555555556 0.15859375 0.040740740740740744 0.0140625
0 0.7138888888888889 0.16458333333333333 0.03333333333333333 0.011458333333333333
0 0.813425925925926 0.12473958333333333 0.02314814814814815 0.0067708333333333336
0 0.8712962962962963 0.13177083333333334 0.02777777777777778 0.009375
0 0.8541666666666667 0.14375 0.028703703703703703 0.011458333333333333
0 0.826388888888889 0.13619791666666667 0.026851851851851852 0.008854166666666666
0 0.8342592592592593 0.12343749999999999 0.024074074074074074 0.009375
0 0.8462962962962963 0.13307291666666665 0.020370370370370372 0.0078125