0 0.9810185185185185 0.521875 0.032407407407407406 0.014583333333333334
0 0.22962962962962963 0.3033854166666667 0.04259259259259259 0.0140625
0 0.7324074074074074 0.19505208333333332 0.037037037037037035 0.015104166666666667
0 0.1337962962962963 0.20182291666666666 0.030555555555555558 0.013020833333333334
0 0.3416666666666667 0.17447916666666666 0.02592592592592593 0.0125
0 0.5185185185185185 0.134375 0.02962962962962963 0.008333333333333333
0 0.47222222222222227 0.12734375 0.02592592592592593 0.0078125
0 0.4981481481481482 0.13072916666666667 0.02962962962962963 0.007291666666666667
0 0.49259259259259264 0.12213541666666666 0.031481481481481485 0.0067708333333333336
0 0.5208333333333334 0.12447916666666667 0.03425925925925926 0.005208333333333333
0 0.5333333333333333 0.11953124999999999 0.03333333333333333 0.0067708333333333336