0 0.9611111111111111 0.8888020833333333 0.07592592592592592 0.04635416666666667
0 0.9074074074074074 0.5723958333333333 0.04259259259259259 0.014583333333333334
0 0.9800925925925926 0.5940104166666667 0.03796296296296296 0.01614583333333333
0 0.9898148148148148 0.53125 0.018518518518518517 0.0125
0 0.1712962962962963 0.3494791666666667 0.0462962962962963 0.0125
0 0.6907407407407408 0.24505208333333334 0.037037037037037035 0.009895833333333333
0 0.10740740740740741 0.24921875 0.03518518518518519 0.0140625
0 0.3101851851851852 0.22161458333333334 0.031481481481481485 0.011979166666666666
0 0.4625 0.17604166666666665 0.028703703703703703 0.005208333333333333
0 0.4842592592592593 0.17916666666666667 0.02592592592592593 0.00625
0 0.5037037037037038 0.18307291666666667 0.02962962962962963 0.0067708333333333336
0 0.47962962962962963 0.17135416666666667 0.02962962962962963 0.00625
0 0.5087962962962963 0.17395833333333333 0.028703703703703703 0.005208333333333333
0 0.5208333333333334 0.16875 0.028703703703703703 0.00625