0 0.27870370370370373 0.39010416666666664 0.06481481481481481 0.04375
0 0.08842592592592594 0.8268229166666666 0.036111111111111115 0.028645833333333332
0 0.1638888888888889 0.8276041666666667 0.03888888888888889 0.029166666666666667
0 0.2587962962962963 0.8299479166666667 0.04166666666666667 0.030729166666666665
0 0.34675925925925927 0.8312499999999999 0.04537037037037037 0.03333333333333333
0 0.49768518518518523 0.88046875 0.049074074074074076 0.033854166666666664
0 0.6064814814814815 0.8901041666666667 0.05185185185185186 0.034375
0 0.11481481481481481 0.94296875 0.03518518518518519 0.0265625
0 0.19166666666666668 0.9520833333333333 0.03888888888888889 0.028125
0 0.29583333333333334 0.9611979166666667 0.04351851851851852 0.03177083333333333
0 0.3851851851851852 0.9736979166666666 0.0462962962962963 0.0328125