0 0.950462962962963 0.9026041666666667 0.08796296296296297 0.04479166666666667
0 0.8990740740740741 0.6010416666666667 0.040740740740740744 0.014583333333333334
0 0.9740740740740741 0.6229166666666667 0.04259259259259259 0.016666666666666666
0 0.9856481481481482 0.5630208333333333 0.026851851851851852 0.013541666666666667
0 0.13240740740740742 0.27630208333333334 0.02962962962962963 0.0140625
0 0.3365740740740741 0.24921875 0.028703703703703703 0.0140625
0 0.19351851851851853 0.37473958333333335 0.05 0.015104166666666667
0 0.6953703703703704 0.2838541666666667 0.04259259259259259 0.009375
0 0.47453703703703703 0.21302083333333333 0.02314814814814815 0.00625
0 0.49444444444444446 0.2171875 0.024074074074074074 0.00625
0 0.5166666666666667 0.21979166666666666 0.02962962962962963 0.00625
0 0.4949074074074074 0.20885416666666667 0.028703703703703703 0.005208333333333333
0 0.5199074074074074 0.21302083333333333 0.030555555555555558 0.005208333333333333
0 0.5324074074074074 0.20651041666666667 0.02777777777777778 0.0078125