0 0.2606336805555555 0.6980769230769232 0.012152777777777776 0.0125
0 0.2783203125 0.6935096153846154 0.009765625 0.014903846153846155
0 0.24620225694444442 0.6632211538461539 0.010199652777777778 0.012980769230769231
0 0.2669270833333333 0.6569711538461539 0.009982638888888888 0.012980769230769231
0 0.2312282986111111 0.6329326923076923 0.010633680555555554 0.010096153846153847
0 0.2542317708333333 0.6276442307692308 0.010633680555555554 0.010096153846153847
0 0.22189670138888887 0.6052884615384616 0.011067708333333332 0.011538461538461539
0 0.2429470486111111 0.6028846153846155 0.010633680555555554 0.013461538461538462
0 0.3200954861111111 0.6879807692307692 0.012152777777777776 0.011538461538461539
0 0.3406032986111111 0.6805288461538462 0.013671875 0.012980769230769231
0 0.302734375 0.6545673076923078 0.012152777777777776 0.012980769230769231
0 0.32194010416666663 0.6495192307692308 0.014105902777777776 0.010576923076923078
0 0.2854817708333333 0.6225961538461539 0.013237847222222222 0.0125
0 0.3071831597222222 0.6204326923076924 0.013237847222222222 0.012980769230769231
0 0.2677951388888889 0.5961538461538461 0.01345486111111111 0.013461538461538462
0 0.29296875 0.59375 0.01345486111111111 0.0125
0 0.3159722222222222 0.5906250000000001 0.01171875 0.011057692307692308
0 0.33441840277777773 0.5865384615384616 0.01171875 0.010576923076923078
0 0.3835720486111111 0.6641826923076923 0.012369791666666666 0.011057692307692308
0 0.36490885416666663 0.6709134615384615 0.012369791666666666 0.011057692307692308
0 0.3458116319444444 0.6423076923076924 0.011935763888888888 0.008653846153846154
0 0.36588541666666663 0.6355769230769232 0.012152777777777776 0.009615384615384616
0 0.3292100694444444 0.6105769230769231 0.010416666666666666 0.010576923076923078
0 0.34809027777777773 0.6086538461538462 0.010416666666666666 0.011538461538461539
0 0.3544921875 0.7567307692307693 0.016710069444444444 0.01826923076923077
0 0.5050998263888888 0.8685096153846155 0.021484375 0.02836538461538462
0 0.6200086805555555 0.7959134615384615 0.021701388888888888 0.02259615384615385
0 0.7177734375 0.7324519230769231 0.021484375 0.018750000000000003
0 0.8018663194444444 0.6860576923076923 0.017795138888888888 0.01730769230769231
0 0.8848741319444444 0.7096153846153846 0.015842013888888888 0.021153846153846155
0 0.9397786458333333 0.6742788461538461 0.01714409722222222 0.01682692307692308
0 0.9811197916666666 0.6495192307692308 0.016059027777777776 0.016346153846153847
0 0.46723090277777773 0.4360576923076923 0.012586805555555554 0.009615384615384616
0 0.5845269097222222 0.5274038461538462 0.017578125 0.013461538461538462
0 0.6895616319444444 0.5137019230769231 0.008897569444444444 0.011057692307692308
0 0.640625 0.4841346153846154 0.009982638888888888 0.011538461538461539
0 0.5899522569444444 0.4461538461538462 0.009331597222222222 0.011538461538461539
0 0.5445963541666666 0.39903846153846156 0.008029513888888888 0.0057692307692307696
0 0.5465494791666666 0.40528846153846154 0.008463541666666666 0.006730769230769231
0 0.5464409722222222 0.41418269230769234 0.00954861111111111 0.010096153846153847
0 0.5532769097222222 0.41105769230769235 0.008463541666666666 0.007692307692307693
0 0.5553385416666666 0.40384615384615385 0.00954861111111111 0.008653846153846154
0 0.5609809027777778 0.4098557692307693 0.008680555555555556 0.00625
0 0.7430555555555555 0.5579326923076924 0.013020833333333332 0.018750000000000003
0 0.7210286458333333 0.3721153846153846 0.011935763888888888 0.008653846153846154
0 0.806640625 0.3704326923076923 0.01171875 0.010096153846153847
0 0.8452690972222222 0.4098557692307693 0.017795138888888888 0.012980769230769231
0 0.9220920138888888 0.4028846153846154 0.013888888888888888 0.010576923076923078
0 0.9494357638888888 0.36442307692307696 0.011284722222222222 0.006730769230769231