0 0.9944444444444445 0.825 0.009259259259259259 0.025
0 0.9722222222222222 0.890625 0.0462962962962963 0.035416666666666666
0 0.8078703703703703 0.80703125 0.049074074074074076 0.03697916666666667
0 0.8564814814814815 0.74765625 0.0462962962962963 0.0328125
0 0.8902777777777778 0.6588541666666666 0.04351851851851852 0.03125
0 0.9314814814814815 0.61015625 0.03888888888888889 0.0296875
0 0.9787037037037037 0.5518229166666666 0.037037037037037035 0.027604166666666666
0 0.8597222222222223 0.4263020833333333 0.04166666666666667 0.0265625
0 0.7208333333333333 0.34140625 0.04166666666666667 0.024479166666666666
0 0.6675925925925926 0.375 0.044444444444444446 0.028125
0 0.5986111111111111 0.4184895833333333 0.04722222222222222 0.028645833333333332
0 0.8157407407407408 0.46510416666666665 0.04259259259259259 0.027083333333333334
0 0.7537037037037038 0.5151041666666667 0.044444444444444446 0.028125
0 0.5347222222222222 0.4575520833333333 0.05092592592592593 0.030729166666666665
0 0.4902777777777778 0.5544270833333333 0.05277777777777778 0.0328125
0 0.7032407407407407 0.5598958333333334 0.04537037037037037 0.030208333333333334
0 0.4217592592592593 0.6075520833333333 0.05648148148148149 0.033854166666666664
0 0.6787037037037037 0.65390625 0.04814814814814815 0.030729166666666665
0 0.6217592592592592 0.7096354166666666 0.05277777777777778 0.034895833333333334