0 0.2935096153846154 0.4083116319444444 0.08798076923076924 0.008463541666666666
0 0.5877403846153847 0.4048394097222222 0.026442307692307696 0.004123263888888889
0 0.630048076923077 0.4021267361111111 0.026442307692307696 0.00390625
0 0.6735576923076924 0.3975694444444444 0.027884615384615386 0.003472222222222222
0 0.7117788461538462 0.3943142361111111 0.027403846153846154 0.00390625
0 0.6646634615384616 0.41351996527777773 0.027403846153846154 0.004123263888888889
0 0.7110576923076923 0.4100477430555555 0.02980769230769231 0.004123263888888889
0 0.7651442307692308 0.40473090277777773 0.02836538461538462 0.004340277777777778
0 0.8033653846153846 0.4009331597222222 0.025961538461538463 0.003255208333333333
0 0.7560096153846154 0.3887803819444444 0.02548076923076923 0.003255208333333333
0 0.7913461538461539 0.3857421875 0.023076923076923078 0.003255208333333333
0 0.8384615384615385 0.3952907986111111 0.027884615384615386 0.003255208333333333
0 0.8740384615384615 0.3919270833333333 0.025961538461538463 0.003472222222222222
0 0.973798076923077 0.3993055555555555 0.026442307692307696 0.003472222222222222
0 0.9391826923076924 0.40277777777777773 0.030288461538461542 0.003038194444444444
0 0.9163461538461539 0.4100477430555555 0.02980769230769231 0.003255208333333333
0 0.8774038461538463 0.4140625 0.02980769230769231 0.003472222222222222
0 0.8211538461538462 0.4189453125 0.032692307692307694 0.003255208333333333
0 0.7790865384615385 0.4231770833333333 0.032211538461538465 0.003472222222222222
0 0.8795673076923077 0.4341362847222222 0.032211538461538465 0.004123263888888889
0 0.9281250000000001 0.4295789930555555 0.032211538461538465 0.003689236111111111
0 0.983173076923077 0.4243706597222222 0.032692307692307694 0.003255208333333333