0 0.049074074074074076 0.50703125 0.05 0.025520833333333333
0 0.28564814814814815 0.22473958333333333 0.03796296296296296 0.018229166666666668
0 0.8666666666666667 0.30494791666666665 0.018518518518518517 0.011979166666666666
0 0.9393518518518519 0.3533854166666667 0.03425925925925926 0.01614583333333333
0 0.8606481481481482 0.36796875 0.03796296296296296 0.018229166666666668
0 0.06620370370370371 0.2421875 0.02314814814814815 0.0125
0 0.03287037037037037 0.2721354166666667 0.017592592592592594 0.009895833333333333
0 0.04027777777777778 0.2591145833333333 0.025 0.0109375
0 0.05092592592592593 0.2640625 0.020370370370370372 0.011458333333333333
0 0.06296296296296297 0.25104166666666666 0.024074074074074074 0.011458333333333333
0 0.07083333333333333 0.2591145833333333 0.021296296296296296 0.0140625