0 0.49259259259259264 0.7841145833333333 0.07407407407407407 0.050520833333333334
0 0.052314814814814814 0.23828125 0.030555555555555558 0.019270833333333334
0 0.11527777777777778 0.21223958333333334 0.028703703703703703 0.019270833333333334
0 0.19166666666666668 0.17265625 0.03333333333333333 0.0203125
0 0.25787037037037036 0.14453125 0.03425925925925926 0.021354166666666667
0 0.3574074074074074 0.0921875 0.03333333333333333 0.020833333333333332
0 0.4240740740740741 0.06432291666666666 0.02777777777777778 0.015104166666666667
0 0.46620370370370373 0.12994791666666666 0.04166666666666667 0.024479166666666666
0 0.3837962962962963 0.16067708333333333 0.04166666666666667 0.022395833333333334
0 0.4986111111111111 0.21770833333333334 0.04722222222222222 0.026041666666666668
0 0.41574074074074074 0.24765625 0.040740740740740744 0.0234375
0 0.28564814814814815 0.21640625 0.032407407407407406 0.021354166666666667
0 0.21481481481481482 0.24453125 0.031481481481481485 0.0203125
0 0.12638888888888888 0.2796875 0.032407407407407406 0.020833333333333332
0 0.06157407407407408 0.3028645833333333 0.030555555555555558 0.0203125
0 0.08101851851851852 0.39010416666666664 0.03425925925925926 0.021875
0 0.14907407407407408 0.36692708333333335 0.03333333333333333 0.021354166666666667
0 0.2388888888888889 0.3372395833333333 0.037037037037037035 0.021354166666666667
0 0.31574074074074077 0.3111979166666667 0.037037037037037035 0.024479166666666666
0 0.08518518518518518 0.4809895833333333 0.03518518518518519 0.021354166666666667
0 0.1587962962962963 0.46119791666666665 0.036111111111111115 0.0234375
0 0.24953703703703706 0.43515624999999997 0.03981481481481482 0.0265625
0 0.33240740740740743 0.41328125 0.040740740740740744 0.0265625
0 0.45231481481481484 0.3442708333333333 0.04351851851851852 0.026041666666666668
0 0.5439814814814815 0.31536458333333334 0.049074074074074076 0.027604166666666666