0 0.2864583333333333 0.5788461538461539 0.028645833333333332 0.051923076923076926
0 0.36957465277777773 0.1591346153846154 0.0234375 0.037500000000000006
0 0.3581814236111111 0.23677884615384617 0.02495659722222222 0.03990384615384616
0 0.3345269097222222 0.3401442307692308 0.02495659722222222 0.04471153846153846
0 0.3221571180555555 0.43341346153846155 0.02712673611111111 0.04567307692307693
0 0.45377604166666663 0.16346153846153846 0.022569444444444444 0.035576923076923075
0 0.44921875 0.24230769230769234 0.02517361111111111 0.03942307692307692
0 0.439453125 0.35721153846153847 0.02517361111111111 0.04423076923076923
0 0.4300130208333333 0.4516826923076923 0.026258680555555552 0.046634615384615385
0 0.2700737847222222 0.6942307692307693 0.029730902777777776 0.05673076923076924
0 0.3846571180555555 0.7117788461538462 0.030164930555555552 0.05913461538461539
0 0.3963758680555555 0.5954326923076924 0.027994791666666664 0.052403846153846155
0 0.522243923611111 0.6086538461538462 0.028428819444444444 0.05288461538461539
0 0.5162760416666666 0.7278846153846155 0.029947916666666664 0.06153846153846154
0 0.6525607638888888 0.6257211538461539 0.029513888888888888 0.05432692307692308
0 0.6534288194444444 0.7478365384615385 0.03125 0.06201923076923077
0 0.5595703125 0.4675480769230769 0.02712673611111111 0.049519230769230774
0 0.5638020833333333 0.37091346153846155 0.02734375 0.04471153846153846
0 0.5627170138888888 0.25961538461538464 0.024739583333333332 0.03942307692307692
0 0.5648871527777778 0.17716346153846155 0.023871527777777776 0.037980769230769235
0 0.6649305555555555 0.17596153846153847 0.02517361111111111 0.037500000000000006
0 0.669921875 0.25841346153846156 0.026041666666666664 0.03990384615384616
0 0.6768663194444444 0.36610576923076926 0.027777777777777776 0.046634615384615385
0 0.6827256944444444 0.4641826923076923 0.02907986111111111 0.0514423076923077