0 0.1013454861111111 0.24302884615384618 0.024739583333333332 0.01682692307692308
0 0.22688802083333331 0.22980769230769232 0.022352430555555556 0.01730769230769231
0 0.3293185763888889 0.2276442307692308 0.02105034722222222 0.01682692307692308
0 0.16807725694444445 0.4132211538461539 0.029730902777777776 0.026442307692307696
0 0.44867621527777773 0.22283653846153847 0.020182291666666664 0.014903846153846155
0 0.5358072916666666 0.3887019230769231 0.024739583333333332 0.02259615384615385
0 0.6359592013888888 0.16490384615384615 0.013237847222222222 0.013461538461538462
0 0.6488715277777778 0.16201923076923078 0.014322916666666666 0.013461538461538462
0 0.6400824652777778 0.1778846153846154 0.015842013888888888 0.015384615384615385
0 0.6437717013888888 0.19110576923076925 0.015842013888888888 0.015865384615384615
0 0.6571180555555555 0.17500000000000002 0.015625 0.0125
0 0.6698133680555555 0.1685096153846154 0.015842013888888888 0.01201923076923077