0 0.25324074074074077 0.5533854166666666 0.08240740740740742 0.04010416666666666
0 0.5407407407407407 0.061718749999999996 0.03518518518518519 0.011979166666666666
0 0.6152777777777778 0.06536458333333334 0.036111111111111115 0.013020833333333334
0 0.7166666666666667 0.06614583333333333 0.03888888888888889 0.0125
0 0.799537037037037 0.07005208333333333 0.03981481481481482 0.0140625
0 0.9300925925925926 0.06875 0.04351851851851852 0.013541666666666667
0 0.4726851851851852 0.10885416666666667 0.03796296296296296 0.013541666666666667
0 0.5458333333333334 0.11588541666666667 0.03796296296296296 0.013020833333333334
0 0.649537037037037 0.12239583333333333 0.03796296296296296 0.013541666666666667
0 0.7333333333333334 0.12786458333333334 0.04259259259259259 0.0140625
0 0.8680555555555556 0.12604166666666666 0.04537037037037037 0.015625
0 0.9615740740740741 0.13125 0.04722222222222222 0.015625
0 0.3851851851851852 0.17447916666666666 0.040740740740740744 0.014583333333333334
0 0.4625 0.1828125 0.04166666666666667 0.014583333333333334
0 0.5597222222222222 0.19505208333333332 0.04166666666666667 0.01614583333333333
0 0.6472222222222223 0.20260416666666667 0.044444444444444446 0.016666666666666666
0 0.7921296296296296 0.19479166666666667 0.04351851851851852 0.016666666666666666
0 0.888425925925926 0.20208333333333334 0.049074074074074076 0.017708333333333333
0 0.287962962962963 0.23671875 0.040740740740740744 0.01614583333333333
0 0.362962962962963 0.2484375 0.04259259259259259 0.016666666666666666
0 0.45833333333333337 0.2630208333333333 0.0462962962962963 0.01875
0 0.5430555555555556 0.2752604166666667 0.04537037037037037 0.018229166666666668
0 0.7041666666666667 0.27109375 0.049074074074074076 0.019270833333333334
0 0.8046296296296297 0.2828125 0.04814814814814815 0.01875