0 0.9611111111111111 0.8888020833333333 0.07592592592592592 0.04635416666666667
0 0.9902777777777778 0.53125 0.017592592592592594 0.014583333333333334
0 0.9064814814814816 0.5721354166666667 0.040740740740740744 0.015104166666666667
0 0.9810185185185185 0.5934895833333333 0.036111111111111115 0.01614583333333333
0 0.10694444444444445 0.25390625 0.036111111111111115 0.008854166666666666
0 0.3180555555555556 0.22265625 0.036111111111111115 0.0078125
0 0.4615740740740741 0.17604166666666665 0.026851851851851852 0.007291666666666667
0 0.47962962962962963 0.17239583333333333 0.02962962962962963 0.00625
0 0.4851851851851852 0.1796875 0.02592592592592593 0.00625
0 0.5032407407407408 0.18333333333333332 0.030555555555555558 0.008333333333333333
0 0.5083333333333333 0.17395833333333333 0.02962962962962963 0.005208333333333333
0 0.5194444444444445 0.16822916666666665 0.02962962962962963 0.005208333333333333
0 0.17407407407407408 0.34921875 0.04814814814814815 0.0140625
0 0.6907407407407408 0.24505208333333334 0.037037037037037035 0.009895833333333333