0 0.19305555555555556 0.296875 0.04351851851851852 0.03125
0 0.2851851851851852 0.29322916666666665 0.04814814814814815 0.03333333333333333
0 0.40694444444444444 0.28932291666666665 0.05092592592592593 0.0359375
0 0.5175925925925926 0.2856770833333333 0.05555555555555556 0.04010416666666666
0 0.6967592592592593 0.33307291666666666 0.062037037037037036 0.0390625
0 0.8328703703703704 0.3375 0.0712962962962963 0.040625
0 0.19814814814814816 0.4265625 0.040740740740740744 0.03125
0 0.28935185185185186 0.4322916666666667 0.04722222222222222 0.03125
0 0.41203703703703703 0.43671875 0.05 0.033854166666666664
0 0.5208333333333334 0.44479166666666664 0.05462962962962963 0.034375
0 0.6763888888888889 0.49921875 0.058333333333333334 0.0359375
0 0.8074074074074075 0.5122395833333333 0.06481481481481481 0.03802083333333333
0 0.1851851851851852 0.565625 0.040740740740740744 0.03125
0 0.2726851851851852 0.575 0.04351851851851852 0.030208333333333334
0 0.39861111111111114 0.5924479166666666 0.04537037037037037 0.030729166666666665
0 0.5027777777777778 0.6078125 0.053703703703703705 0.03229166666666666
0 0.6587962962962963 0.6559895833333333 0.058333333333333334 0.034895833333333334
0 0.7856481481481482 0.675 0.0638888888888889 0.035416666666666666
0 0.18425925925925926 0.6708333333333333 0.040740740740740744 0.028125
0 0.26944444444444443 0.6875 0.04259259259259259 0.03125
0 0.3824074074074074 0.71875 0.0462962962962963 0.03229166666666666
0 0.48194444444444445 0.7393229166666666 0.05277777777777778 0.03177083333333333
0 0.6407407407407407 0.7880208333333333 0.05555555555555556 0.03229166666666666
0 0.762962962962963 0.8125 0.05740740740740741 0.035416666666666666