0 0.2932692307692308 0.4085286458333333 0.08942307692307692 0.007595486111111111
0 0.6324519230769231 0.4024522569444444 0.026442307692307696 0.0028211805555555555
0 0.6730769230769231 0.3974609375 0.027884615384615386 0.003255208333333333
0 0.7125 0.3943142361111111 0.025 0.002170138888888889
0 0.7562500000000001 0.3885633680555555 0.025 0.003255208333333333
0 0.7908653846153847 0.3858506944444444 0.02403846153846154 0.003038194444444444
0 0.5901442307692308 0.40592447916666663 0.029326923076923077 0.0028211805555555555
0 0.665625 0.4130859375 0.029326923076923077 0.0028211805555555555
0 0.7103365384615385 0.40961371527777773 0.029326923076923077 0.0023871527777777775
0 0.764423076923077 0.4046223958333333 0.03076923076923077 0.003255208333333333
0 0.8031250000000001 0.4009331597222222 0.027403846153846154 0.0028211805555555555
0 0.8375 0.3948567708333333 0.027884615384615386 0.003255208333333333
0 0.8728365384615385 0.3916015625 0.027403846153846154 0.0028211805555555555
0 0.7798076923076923 0.42306857638888884 0.03076923076923077 0.003255208333333333
0 0.820673076923077 0.41861979166666663 0.03461538461538462 0.003472222222222222
0 0.8766826923076924 0.4136284722222222 0.030288461538461542 0.003472222222222222
0 0.9170673076923077 0.4100477430555555 0.029326923076923077 0.0028211805555555555
0 0.9396634615384616 0.4031032986111111 0.026442307692307696 0.0028211805555555555
0 0.9735576923076924 0.3994140625 0.02980769230769231 0.003255208333333333
0 0.880048076923077 0.4337022569444444 0.035096153846153846 0.003689236111111111
0 0.9283653846153846 0.42936197916666663 0.03365384615384616 0.004123263888888889
0 0.9834134615384615 0.4239366319444444 0.032211538461538465 0.004123263888888889