0 0.004629629629629629 0.5625 0.009259259259259259 0.02395833333333333
0 0.7000000000000001 0.6106770833333334 0.1 0.05677083333333333
0 0.11527777777777778 0.3989583333333333 0.058333333333333334 0.03125
0 0.2555555555555556 0.22291666666666665 0.05185185185185186 0.028125
0 0.9643518518518519 0.024739583333333332 0.06944444444444445 0.033854166666666664
0 0.20833333333333334 0.043229166666666666 0.03333333333333333 0.017708333333333333
0 0.2555555555555556 0.00625 0.040740740740740744 0.0125
0 0.2152777777777778 0.026302083333333334 0.036111111111111115 0.015104166666666667
0 0.2555555555555556 0.016927083333333332 0.0462962962962963 0.0171875
0 0.24074074074074076 0.035416666666666666 0.037037037037037035 0.01875
0 0.28101851851851856 0.03046875 0.03796296296296296 0.021354166666666667