0 0.1359592013888889 0.942548076923077 0.01714409722222222 0.04567307692307693
0 0.22102864583333331 0.7346153846153847 0.016710069444444444 0.03653846153846154
0 0.23795572916666666 0.9569711538461539 0.020616319444444444 0.052403846153846155
0 0.2919921875 0.5733173076923077 0.015842013888888888 0.03413461538461539
0 0.3748914930555555 0.38317307692307695 0.014973958333333332 0.03076923076923077
0 0.4895833333333333 0.3649038461538462 0.020399305555555556 0.03942307692307692
0 0.4890407986111111 0.05096153846153846 0.012369791666666666 0.023076923076923078
0 0.4962022569444444 0.05216346153846154 0.012803819444444444 0.02548076923076923
0 0.5031467013888888 0.05528846153846154 0.011935763888888888 0.027884615384615386
0 0.4970703125 0.025961538461538463 0.012803819444444444 0.02403846153846154
0 0.5070529513888888 0.024519230769230772 0.012803819444444444 0.02403846153846154
0 0.5129123263888888 0.006009615384615385 0.010199652777777778 0.01201923076923077