0 0.7050480769230769 0.40842013888888884 0.08798076923076924 0.0078125
0 0.403125 0.4046223958333333 0.026442307692307696 0.0028211805555555555
0 0.3685096153846154 0.40234375 0.027403846153846154 0.003038194444444444
0 0.32596153846153847 0.3973524305555555 0.026923076923076925 0.003038194444444444
0 0.2853365384615385 0.39377170138888884 0.026442307692307696 0.0028211805555555555
0 0.24254807692307695 0.3887803819444444 0.026442307692307696 0.0023871527777777775
0 0.20817307692307693 0.3857421875 0.025 0.0023871527777777775
0 0.12355769230769231 0.3917100694444444 0.026923076923076925 0.0026041666666666665
0 0.16033653846153847 0.3950737847222222 0.026442307692307696 0.003689236111111111
0 0.19495192307692308 0.40060763888888884 0.02548076923076923 0.003038194444444444
0 0.23461538461538461 0.40451388888888884 0.028846153846153848 0.003038194444444444
0 0.28774038461538465 0.4095052083333333 0.029326923076923077 0.003038194444444444
0 0.33293269230769235 0.4129774305555555 0.02836538461538462 0.003472222222222222
0 0.02235576923076923 0.3994140625 0.029326923076923077 0.0028211805555555555
0 0.05913461538461539 0.40277777777777773 0.03076923076923077 0.0026041666666666665
0 0.08149038461538462 0.4099392361111111 0.029326923076923077 0.003038194444444444
0 0.12043269230769231 0.41373697916666663 0.03317307692307692 0.003255208333333333
0 0.17716346153846155 0.4188368055555555 0.03125 0.003472222222222222
0 0.21947115384615387 0.42306857638888884 0.035096153846153846 0.003689236111111111
0 0.01730769230769231 0.4241536458333333 0.032692307692307694 0.003689236111111111
0 0.07091346153846154 0.42936197916666663 0.032211538461538465 0.003689236111111111
0 0.11754807692307694 0.43359375 0.03317307692307692 0.003472222222222222