0 0.25277777777777777 0.5533854166666666 0.08148148148148149 0.04114583333333333
0 0.28611111111111115 0.2359375 0.044444444444444446 0.01875
0 0.36203703703703705 0.24869791666666666 0.044444444444444446 0.019270833333333334
0 0.45601851851851855 0.26276041666666666 0.049074074074074076 0.0203125
0 0.5430555555555556 0.2755208333333333 0.049074074074074076 0.019791666666666666
0 0.7050925925925926 0.2716145833333333 0.05277777777777778 0.021354166666666667
0 0.8050925925925926 0.2828125 0.05092592592592593 0.020833333333333332
0 0.5388888888888889 0.0609375 0.040740740740740744 0.013541666666666667
0 0.6152777777777778 0.06536458333333334 0.036111111111111115 0.013020833333333334
0 0.7152777777777778 0.06510416666666667 0.04351851851851852 0.015625
0 0.7981481481481482 0.06979166666666667 0.04259259259259259 0.015625
0 0.9300925925925926 0.06848958333333333 0.04537037037037037 0.0140625
0 0.47314814814814815 0.10885416666666667 0.03888888888888889 0.014583333333333334
0 0.5458333333333334 0.11432291666666666 0.03796296296296296 0.015104166666666667
0 0.6490740740740741 0.12239583333333333 0.040740740740740744 0.014583333333333334
0 0.7333333333333334 0.12838541666666667 0.040740740740740744 0.01614583333333333
0 0.8671296296296297 0.12578125 0.04537037037037037 0.0171875
0 0.962962962962963 0.13203125 0.053703703703703705 0.01614583333333333
0 0.3842592592592593 0.175 0.040740740740740744 0.016666666666666666
0 0.4620370370370371 0.18229166666666666 0.0462962962962963 0.017708333333333333
0 0.5601851851851852 0.19427083333333334 0.04814814814814815 0.017708333333333333
0 0.6467592592592593 0.20260416666666667 0.04722222222222222 0.016666666666666666
0 0.787962962962963 0.19505208333333332 0.04814814814814815 0.0171875
0 0.8865740740740741 0.20260416666666667 0.05092592592592593 0.01875