0 0.011574074074074075 0.46432291666666664 0.02314814814814815 0.028645833333333332
0 0.2490740740740741 0.7377604166666667 0.10925925925925926 0.0546875
0 0.6625 0.3015625 0.04722222222222222 0.01875
0 0.8337962962962964 0.12421875 0.026851851851851852 0.008854166666666666
0 0.8351851851851853 0.13463541666666667 0.024074074074074074 0.008854166666666666
0 0.8703703703703703 0.13177083333333334 0.02962962962962963 0.010416666666666666
0 0.8587962962962963 0.13489583333333333 0.026851851851851852 0.010416666666666666
0 0.8564814814814815 0.14453125 0.02777777777777778 0.009895833333333333
0 0.8148148148148149 0.12604166666666666 0.02777777777777778 0.011458333333333333
0 0.7143518518518519 0.16458333333333333 0.03796296296296296 0.0125
0 0.5337962962962963 0.15885416666666666 0.036111111111111115 0.013541666666666667
0 0.35833333333333334 0.153125 0.04814814814814815 0.013541666666666667
0 0.1398148148148148 0.15234375 0.05 0.015104166666666667