0 0.054086538461538464 0.4669053819444444 0.07932692307692309 0.033637152777777776
0 0.15697115384615384 0.36328125 0.08221153846153846 0.034722222222222224
0 0.2699519230769231 0.3189019097222222 0.0764423076923077 0.033203125
0 0.3975961538461539 0.2694227430555555 0.07019230769230769 0.030598958333333332
0 0.5007211538461539 0.23036024305555555 0.06778846153846155 0.029730902777777776
0 0.3108173076923077 0.5708550347222222 0.07355769230769231 0.033203125
0 0.20240384615384616 0.6268446180555555 0.07980769230769232 0.03537326388888889
0 0.38461538461538464 0.47406684027777773 0.07115384615384615 0.033203125
0 0.48125 0.42447916666666663 0.06923076923076923 0.03125
0 0.6038461538461539 0.3696831597222222 0.06538461538461539 0.030164930555555552
0 0.6939903846153846 0.3255208333333333 0.06298076923076923 0.030381944444444444
0 0.5514423076923077 0.6703559027777778 0.07019230769230769 0.033854166666666664
0 0.4528846153846154 0.727322048611111 0.07403846153846154 0.03624131944444444
0 0.6713942307692308 0.8133680555555555 0.07067307692307692 0.035590277777777776
0 0.7603365384615385 0.7540147569444444 0.06586538461538462 0.03407118055555555
0 0.6413461538461539 0.5784505208333333 0.07211538461538462 0.032769097222222224
0 0.8562500000000001 0.662868923611111 0.06538461538461539 0.031901041666666664
0 0.9358173076923078 0.6107855902777778 0.06201923076923077 0.03103298611111111
0 0.728125 0.5277777777777778 0.06490384615384616 0.03081597222222222
0 0.9913461538461539 0.5416666666666666 0.015384615384615385 0.02517361111111111
0 0.8360576923076923 0.46484375 0.0625 0.02907986111111111
0 0.9209134615384615 0.4206814236111111 0.058173076923076925 0.02886284722222222