0 0.07546296296296297 0.5223958333333333 0.03981481481481482 0.019791666666666666
0 0.3101851851851852 0.24270833333333333 0.03518518518518519 0.01875
0 0.8782407407407408 0.3890625 0.03981481481481482 0.017708333333333333
0 0.9587962962962964 0.3736979166666667 0.03981481481481482 0.019270833333333334
0 0.8902777777777778 0.3234375 0.030555555555555558 0.015625
0 0.013425925925925926 0.37057291666666664 0.02314814814814815 0.015104166666666667
0 0.06527777777777778 0.2875 0.021296296296296296 0.008333333333333333
0 0.07361111111111111 0.27369791666666665 0.02314814814814815 0.009895833333333333
0 0.08472222222222223 0.27838541666666666 0.019444444444444445 0.009895833333333333
0 0.0962962962962963 0.25677083333333334 0.020370370370370372 0.013541666666666667
0 0.09444444444444444 0.2671875 0.02592592592592593 0.010416666666666666
0 0.10324074074074074 0.2739583333333333 0.021296296296296296 0.013541666666666667