0 0.13333333333333333 0.6971354166666667 0.0925925925925926 0.0484375
0 0.5120370370370371 0.13776041666666666 0.040740740740740744 0.0140625
0 0.587037037037037 0.14296875 0.040740740740740744 0.0140625
0 0.6912037037037038 0.14635416666666667 0.04722222222222222 0.014583333333333334
0 0.7736111111111111 0.15364583333333334 0.04537037037037037 0.014583333333333334
0 0.9106481481481482 0.15520833333333334 0.04537037037037037 0.016666666666666666
0 0.9875 0.16145833333333334 0.02314814814814815 0.017708333333333333
0 0.9402777777777778 0.225 0.04722222222222222 0.019791666666666666
0 0.8439814814814816 0.21458333333333332 0.04537037037037037 0.01875
0 0.4375 0.18671875 0.03981481481481482 0.015104166666666667
0 0.5120370370370371 0.1953125 0.04259259259259259 0.015625
0 0.6166666666666667 0.20598958333333334 0.04259259259259259 0.015104166666666667
0 0.7046296296296296 0.21432291666666667 0.04259259259259259 0.0171875
0 0.3388888888888889 0.25494791666666666 0.04259259259259259 0.0171875
0 0.4175925925925926 0.2661458333333333 0.044444444444444446 0.01875
0 0.5180555555555556 0.28098958333333335 0.04537037037037037 0.018229166666666668
0 0.6074074074074074 0.29296875 0.04814814814814815 0.019270833333333334
0 0.7574074074074074 0.28880208333333335 0.044444444444444446 0.019270833333333334
0 0.8555555555555556 0.30026041666666664 0.05 0.0203125
0 0.23055555555555557 0.32057291666666665 0.044444444444444446 0.018229166666666668
0 0.3055555555555556 0.33671875 0.0462962962962963 0.021354166666666667
0 0.4041666666666667 0.3546875 0.04722222222222222 0.022916666666666665
0 0.49074074074074076 0.371875 0.05185185185185186 0.021875
0 0.6597222222222222 0.3716145833333333 0.049074074074074076 0.022395833333333334
0 0.7615740740740741 0.3872395833333333 0.05277777777777778 0.022395833333333334