0 0.06706730769230769 0.3349609375 0.08509615384615385 0.037543402777777776
0 0.2372596153846154 0.3348524305555555 0.07740384615384616 0.03645833333333333
0 0.47043269230769236 0.29437934027777773 0.07451923076923077 0.03624131944444444
0 0.6199519230769232 0.2983940972222222 0.0716346153846154 0.03428819444444444
0 0.7879807692307693 0.3045789930555555 0.06634615384615385 0.033637152777777776
0 0.9233173076923078 0.3095703125 0.06009615384615385 0.033203125
0 0.08990384615384615 0.4958767361111111 0.07884615384615384 0.03602430555555555
0 0.25456730769230773 0.4900173611111111 0.07259615384615385 0.03342013888888889
0 0.4591346153846154 0.4442274305555555 0.07019230769230769 0.03428819444444444
0 0.6043269230769232 0.44086371527777773 0.06730769230769232 0.033637152777777776
0 0.7786057692307693 0.44086371527777773 0.0639423076923077 0.03146701388888889
0 0.9091346153846155 0.4383680555555555 0.05961538461538462 0.03081597222222222
0 0.10793269230769231 0.6458333333333333 0.07740384615384616 0.03342013888888889
0 0.26802884615384615 0.6361762152777778 0.07548076923076924 0.033203125
0 0.4740384615384616 0.601345486111111 0.06923076923076923 0.03125
0 0.6165865384615385 0.5929904513888888 0.06490384615384616 0.030598958333333332
0 0.7920673076923077 0.5828993055555555 0.06009615384615385 0.03125
0 0.9204326923076923 0.5786675347222222 0.05913461538461539 0.029296875
0 0.12908653846153847 0.7762586805555555 0.07740384615384616 0.033854166666666664
0 0.28605769230769235 0.7628038194444444 0.07019230769230769 0.03211805555555555
0 0.4954326923076923 0.7289496527777778 0.06682692307692308 0.03125
0 0.6336538461538462 0.7178819444444444 0.06442307692307693 0.029513888888888888
0 0.7935096153846154 0.6943359375 0.06009615384615385 0.029296875
0 0.9192307692307693 0.6844618055555555 0.05576923076923077 0.02907986111111111