0 0.3925925925925926 0.6338541666666666 0.07037037037037037 0.046875
0 0.26203703703703707 0.02265625 0.03333333333333333 0.022395833333333334
0 0.36342592592592593 0.054427083333333334 0.036111111111111115 0.022395833333333334
0 0.2916666666666667 0.0875 0.037037037037037035 0.021875
0 0.4 0.13489583333333333 0.040740740740740744 0.02395833333333333
0 0.3194444444444445 0.16822916666666665 0.040740740740740744 0.02395833333333333
0 0.44212962962962965 0.225 0.04166666666666667 0.026041666666666668
0 0.35879629629629634 0.2559895833333333 0.03981481481481482 0.024479166666666666
0 0.01898148148148148 0.396875 0.036111111111111115 0.02395833333333333
0 0.08750000000000001 0.3763020833333333 0.03425925925925926 0.022395833333333334
0 0.1712962962962963 0.3484375 0.037037037037037035 0.025
0 0.24814814814814815 0.3234375 0.040740740740740744 0.02395833333333333
0 0.23055555555555557 0.23046875 0.03888888888888889 0.024479166666666666
0 0.15972222222222224 0.2578125 0.03425925925925926 0.022916666666666665
0 0.01388888888888889 0.31484375 0.02777777777777778 0.0203125
0 0.07546296296296297 0.29010416666666666 0.032407407407407406 0.022916666666666665
0 0.03564814814814815 0.14635416666666667 0.028703703703703703 0.01875
0 0.10787037037037038 0.10572916666666667 0.030555555555555558 0.020833333333333332
0 0.17083333333333334 0.07630208333333333 0.032407407407407406 0.022395833333333334
0 0.19861111111111113 0.14322916666666666 0.036111111111111115 0.021875
0 0.13194444444444445 0.17291666666666666 0.032407407407407406 0.020833333333333332
0 0.002777777777777778 0.23072916666666665 0.005555555555555556 0.010416666666666666
0 0.05 0.20911458333333333 0.031481481481481485 0.021354166666666667