0 0.975925925925926 0.8627604166666667 0.0462962962962963 0.043229166666666666
0 0.9949074074074075 0.50859375 0.008333333333333333 0.009895833333333333
0 0.9199074074074074 0.5502604166666667 0.04351851851851852 0.015104166666666667
0 0.987962962962963 0.5713541666666666 0.022222222222222223 0.015625
0 0.10694444444444445 0.228125 0.032407407407407406 0.011458333333333333
0 0.3106481481481482 0.2 0.028703703703703703 0.009375
0 0.17175925925925928 0.32838541666666665 0.05462962962962963 0.015104166666666667
0 0.6916666666666667 0.22109375 0.040740740740740744 0.013020833333333334
0 0.4550925925925926 0.15286458333333333 0.021296296296296296 0.0067708333333333336
0 0.4763888888888889 0.14817708333333332 0.026851851851851852 0.0067708333333333336
0 0.5152777777777778 0.14557291666666666 0.030555555555555558 0.0067708333333333336
0 0.47870370370370374 0.15572916666666667 0.02962962962962963 0.007291666666666667
0 0.5055555555555555 0.1515625 0.02777777777777778 0.005208333333333333
0 0.5 0.15963541666666667 0.031481481481481485 0.0078125