0 0.7194444444444444 0.38984375 0.061111111111111116 0.043229166666666666
0 0.3902777777777778 0.8901041666666667 0.05462962962962963 0.035416666666666666
0 0.49953703703703706 0.88046875 0.049074074074074076 0.033854166666666664
0 0.650462962962963 0.8322916666666667 0.04351851851851852 0.03229166666666666
0 0.737962962962963 0.8299479166666667 0.04259259259259259 0.0296875
0 0.8337962962962964 0.8273437499999999 0.03981481481481482 0.028645833333333332
0 0.9078703703703704 0.8273437499999999 0.03425925925925926 0.0265625
0 0.6125 0.9731770833333333 0.04351851851851852 0.0328125
0 0.7027777777777778 0.9611979166666667 0.04259259259259259 0.03177083333333333
0 0.8064814814814815 0.9526041666666667 0.03888888888888889 0.030208333333333334
0 0.8837962962962963 0.94296875 0.036111111111111115 0.027604166666666666