0 0.9462962962962963 0.6028645833333334 0.044444444444444446 0.01614583333333333
0 0.22175925925925927 0.37447916666666664 0.049074074074074076 0.013541666666666667
0 0.7333333333333334 0.27708333333333335 0.04259259259259259 0.008333333333333333
0 0.16712962962962963 0.278125 0.032407407407407406 0.009375
0 0.3648148148148148 0.2484375 0.031481481481481485 0.008333333333333333
0 0.5083333333333333 0.20807291666666666 0.02592592592592593 0.0067708333333333336
0 0.5310185185185186 0.2109375 0.028703703703703703 0.00625
0 0.549537037037037 0.21484375 0.032407407407407406 0.0078125
0 0.5273148148148148 0.20338541666666665 0.028703703703703703 0.0067708333333333336
0 0.5537037037037037 0.20598958333333334 0.02962962962962963 0.0046875
0 0.5666666666666667 0.20078125 0.02962962962962963 0.005729166666666666
0 0.9796296296296296 0.91953125 0.03888888888888889 0.04739583333333333