0 0.23111979166666666 0.9454326923076923 0.010850694444444444 0.01971153846153846
0 0.2808159722222222 0.7805288461538462 0.007378472222222222 0.017788461538461538
0 0.3700086805555555 0.561298076923077 0.006944444444444444 0.01682692307692308
0 0.33051215277777773 0.6975961538461539 0.006944444444444444 0.020192307692307693
0 0.33832465277777773 0.9899038461538462 0.009114583333333332 0.019230769230769232
0 0.39398871527777773 0.8612980769230769 0.009331597222222222 0.026442307692307696
0 0.451171875 0.7216346153846154 0.009114583333333332 0.02403846153846154
0 0.505642361111111 0.5954326923076924 0.010416666666666666 0.021634615384615384
0 0.5729166666666666 0.4415865384615385 0.00954861111111111 0.02259615384615385
0 0.6056857638888888 0.30865384615384617 0.011284722222222222 0.023076923076923078
0 0.4735243055555555 0.4028846153846154 0.006510416666666666 0.015384615384615385
0 0.48361545138888884 0.4151442307692308 0.008029513888888888 0.015865384615384615
0 0.4922960069444444 0.4288461538461539 0.007595486111111111 0.016346153846153847
0 0.507595486111111 0.43701923076923077 0.008680555555555556 0.019230769230769232
0 0.6704644097222222 0.15673076923076923 0.011067708333333332 0.021153846153846155
0 0.7389322916666666 0.005528846153846154 0.008246527777777778 0.011057692307692308
0 0.6767578125 0.011057692307692308 0.004557291666666666 0.008653846153846154
0 0.6881510416666666 0.0033653846153846156 0.00390625 0.006730769230769231
0 0.701931423611111 0.010817307692307692 0.005425347222222222 0.009134615384615385
0 0.6905381944444444 0.01658653846153846 0.004774305555555555 0.009134615384615385
0 0.676540798611111 0.029086538461538462 0.003689236111111111 0.008173076923076924
0 0.667751736111111 0.03413461538461539 0.004774305555555555 0.008653846153846154
0 0.6593967013888888 0.054086538461538464 0.004557291666666666 0.008173076923076924
0 0.6684027777777778 0.04855769230769231 0.004340277777777778 0.009615384615384616
0 0.6818576388888888 0.03774038461538462 0.00390625 0.008173076923076924
0 0.6922743055555555 0.03197115384615385 0.005642361111111111 0.010096153846153847
0 0.5763888888888888 0.20961538461538462 0.008246527777777778 0.016346153846153847
0 0.542751736111111 0.20552884615384617 0.005208333333333333 0.011057692307692308
0 0.41178385416666663 0.5161057692307692 0.005859375 0.011057692307692308
0 0.4138454861111111 0.5175480769230769 0.006510416666666666 0.012980769230769231
0 0.4157986111111111 0.5028846153846154 0.006076388888888888 0.011538461538461539
0 0.4192708333333333 0.5009615384615385 0.005208333333333333 0.0125
0 0.4207899305555555 0.5033653846153846 0.006510416666666666 0.013461538461538462
0 0.42795138888888884 0.4879807692307693 0.006076388888888888 0.013461538461538462