0 0.0764423076923077 0.3098958333333333 0.060576923076923084 0.03255208333333333
0 0.2110576923076923 0.30436197916666663 0.06442307692307693 0.03450520833333333
0 0.37812500000000004 0.29828559027777773 0.06971153846153846 0.03624131944444444
0 0.5257211538461539 0.2927517361111111 0.07932692307692309 0.03732638888888889
0 0.7615384615384616 0.3343098958333333 0.07692307692307693 0.037109375
0 0.9317307692307693 0.3343098958333333 0.08557692307692308 0.037543402777777776
0 0.0903846153846154 0.4382595486111111 0.0625 0.030598958333333332
0 0.22187500000000002 0.4411892361111111 0.06298076923076923 0.03081597222222222
0 0.39350961538461543 0.44086371527777773 0.06971153846153846 0.03450520833333333
0 0.540625 0.44455295138888884 0.06875 0.03407118055555555
0 0.74375 0.490234375 0.07403846153846154 0.033854166666666664
0 0.9086538461538463 0.4949001736111111 0.08076923076923077 0.03407118055555555
0 0.7302884615384616 0.6362847222222222 0.07692307692307693 0.03255208333333333
0 0.8891826923076923 0.6460503472222222 0.07932692307692309 0.03515625
0 0.07908653846153847 0.5785590277777778 0.057211538461538466 0.029513888888888888
0 0.20625000000000002 0.5831163194444444 0.05961538461538462 0.030381944444444444
0 0.3826923076923077 0.592556423611111 0.06538461538461539 0.031901041666666664
0 0.5240384615384616 0.6011284722222222 0.07019230769230769 0.03081597222222222
0 0.07980769230769232 0.6844618055555555 0.057692307692307696 0.027777777777777776
0 0.20480769230769233 0.6945529513888888 0.058653846153846154 0.028428819444444444
0 0.3653846153846154 0.7184244791666666 0.06538461538461539 0.030164930555555552
0 0.5038461538461538 0.7286241319444444 0.06730769230769232 0.030598958333333332
0 0.7139423076923077 0.7629123263888888 0.07211538461538462 0.03103298611111111
0 0.8692307692307693 0.7759331597222222 0.07211538461538462 0.031901041666666664