0 0.14305555555555557 0.47682291666666665 0.03796296296296296 0.0265625
0 0.22453703703703703 0.4791666666666667 0.04166666666666667 0.028125
0 0.3263888888888889 0.48125 0.04351851851851852 0.03125
0 0.4217592592592593 0.484375 0.049074074074074076 0.03333333333333333
0 0.5740740740740741 0.5348958333333333 0.05185185185185186 0.03229166666666666
0 0.6893518518518519 0.5450520833333333 0.05648148148148149 0.034895833333333334
0 0.15185185185185185 0.5921875 0.037037037037037035 0.027083333333333334
0 0.23287037037037037 0.6015625 0.03981481481481482 0.028125
0 0.33842592592592596 0.6114583333333333 0.04537037037037037 0.029166666666666667
0 0.4310185185185185 0.62421875 0.04537037037037037 0.0296875
0 0.5652777777777778 0.6786458333333333 0.05277777777777778 0.034375
0 0.6777777777777778 0.6963541666666666 0.05555555555555556 0.034375
0 0.14722222222222223 0.71484375 0.03518518518518519 0.025520833333333333
0 0.22361111111111112 0.728125 0.03981481481481482 0.028125
0 0.33287037037037037 0.7494791666666667 0.04166666666666667 0.028125
0 0.4240740740740741 0.76796875 0.044444444444444446 0.0296875
0 0.5597222222222222 0.8171875 0.049074074074074076 0.03125
0 0.6689814814814815 0.8390624999999999 0.05277777777777778 0.034375
0 0.14953703703703705 0.81015625 0.03425925925925926 0.0265625
0 0.22453703703703703 0.8291666666666666 0.03796296296296296 0.027083333333333334
0 0.3236111111111111 0.86328125 0.04166666666666667 0.0296875
0 0.412962962962963 0.8854166666666666 0.044444444444444446 0.03125
0 0.5509259259259259 0.9364583333333333 0.0462962962962963 0.03125
0 0.6569444444444444 0.9638020833333333 0.05277777777777778 0.03177083333333333