0 0.16435185185185186 0.3377604166666667 0.06944444444444445 0.04010416666666666
0 0.30185185185185187 0.33359375 0.061111111111111116 0.0390625
0 0.48240740740740745 0.2872395833333333 0.05740740740740741 0.03802083333333333
0 0.5921296296296297 0.28802083333333334 0.049074074074074076 0.035416666666666666
0 0.7125 0.29401041666666666 0.04722222222222222 0.0328125
0 0.8069444444444445 0.296875 0.04166666666666667 0.030208333333333334
0 0.1902777777777778 0.5125 0.06574074074074074 0.036458333333333336
0 0.3212962962962963 0.49947916666666664 0.05740740740740741 0.035416666666666666
0 0.4763888888888889 0.44427083333333334 0.05462962962962963 0.03229166666666666
0 0.5842592592592593 0.43697916666666664 0.05 0.03333333333333333
0 0.7087962962962964 0.43307291666666664 0.04537037037037037 0.03177083333333333
0 0.8013888888888889 0.4263020833333333 0.04166666666666667 0.0296875
0 0.21157407407407408 0.6739583333333333 0.06018518518518519 0.0375
0 0.33935185185185185 0.6552083333333333 0.05462962962962963 0.035416666666666666
0 0.49583333333333335 0.60859375 0.05092592592592593 0.0328125
0 0.600462962962963 0.5934895833333333 0.04537037037037037 0.0328125
0 0.725 0.5752604166666666 0.04259259259259259 0.0296875
0 0.8115740740740741 0.565625 0.04166666666666667 0.029166666666666667
0 0.23564814814814816 0.8119791666666667 0.06018518518518519 0.035416666666666666
0 0.3578703703703704 0.7875 0.05648148148148149 0.03333333333333333
0 0.5143518518518518 0.740625 0.05277777777777778 0.03333333333333333
0 0.6175925925925926 0.7200520833333334 0.04814814814814815 0.0328125
0 0.7277777777777779 0.6872395833333333 0.044444444444444446 0.028645833333333332
0 0.813425925925926 0.6705729166666666 0.04351851851851852 0.027604166666666666