0 0.9828703703703704 0.521875 0.032407407407407406 0.016666666666666666
0 0.225 0.30234375 0.05555555555555556 0.0140625
0 0.7347222222222223 0.19348958333333333 0.04537037037037037 0.015104166666666667
0 0.13796296296296298 0.19817708333333334 0.031481481481481485 0.009895833333333333
0 0.3402777777777778 0.1765625 0.030555555555555558 0.010416666666666666
0 0.4708333333333333 0.12708333333333333 0.025 0.00625
0 0.4935185185185185 0.12239583333333333 0.02777777777777778 0.005208333333333333
0 0.4953703703703704 0.13177083333333334 0.024074074074074074 0.00625
0 0.5185185185185185 0.13489583333333333 0.02962962962962963 0.00625
0 0.5324074074074074 0.12005208333333334 0.031481481481481485 0.0067708333333333336
0 0.5171296296296296 0.1265625 0.032407407407407406 0.007291666666666667