0 0.004123263888888889 0.375 0.008246527777777778 0.004807692307692308
0 0.13129340277777776 0.5983173076923077 0.015190972222222222 0.009134615384615385
0 0.22688802083333331 0.5949519230769231 0.014539930555555554 0.009134615384615385
0 0.3094618055555555 0.5887019230769232 0.01345486111111111 0.009134615384615385
0 0.3943142361111111 0.5802884615384616 0.013020833333333332 0.008653846153846154
0 0.47309027777777773 0.5764423076923078 0.013020833333333332 0.008653846153846154
0 0.5699869791666666 0.5733173076923077 0.012803819444444444 0.008173076923076924
0 0.6356336805555555 0.5305288461538462 0.013888888888888888 0.008173076923076924
0 0.7299262152777778 0.5247596153846155 0.014105902777777776 0.008173076923076924
0 0.8304036458333333 0.5240384615384616 0.015842013888888888 0.008653846153846154
0 0.920681423611111 0.5213942307692307 0.016276041666666664 0.010096153846153847
0 0.8977864583333333 0.47524038461538465 0.009982638888888888 0.007211538461538462
0 0.8211805555555555 0.4278846153846154 0.004774305555555555 0.004807692307692308
0 0.8084852430555555 0.42836538461538465 0.006293402777777777 0.0038461538461538464
0 0.7552083333333333 0.4346153846153846 0.006076388888888888 0.004807692307692308
0 0.766384548611111 0.43341346153846155 0.005859375 0.0033653846153846156
0 0.7809244791666666 0.43173076923076925 0.006293402777777777 0.0038461538461538464
0 0.7926432291666666 0.4310096153846154 0.005859375 0.0033653846153846156
0 0.7629123263888888 0.4444711538461539 0.005859375 0.0033653846153846156
0 0.7756076388888888 0.44423076923076926 0.005642361111111111 0.0038461538461538464
0 0.7919921875 0.4430288461538462 0.005859375 0.0033653846153846156
0 0.8046875 0.44254807692307696 0.005642361111111111 0.004326923076923077
0 0.8199869791666666 0.43942307692307697 0.006293402777777777 0.0038461538461538464
0 0.8322482638888888 0.43846153846153846 0.005208333333333333 0.0038461538461538464
0 0.7762586805555555 0.45793269230769235 0.006510416666666666 0.004326923076923077
0 0.788845486111111 0.4569711538461539 0.006076388888888888 0.004326923076923077
0 0.8055555555555555 0.4569711538461539 0.007378472222222222 0.004326923076923077
0 0.818142361111111 0.45600961538461543 0.006076388888888888 0.004326923076923077
0 0.831814236111111 0.45216346153846154 0.005642361111111111 0.004326923076923077
0 0.8448350694444444 0.45096153846153847 0.006076388888888888 0.0038461538461538464
0 0.78515625 0.4713942307692308 0.006510416666666666 0.005288461538461539
0 0.7987196180555555 0.4709134615384616 0.006727430555555555 0.004326923076923077
0 0.8156467013888888 0.47043269230769236 0.006293402777777777 0.004326923076923077
0 0.8292100694444444 0.47019230769230774 0.006510416666666666 0.0038461538461538464
0 0.8455946180555555 0.4651442307692308 0.006727430555555555 0.004326923076923077
0 0.859157986111111 0.46466346153846155 0.006510416666666666 0.004326923076923077
0 0.6460503472222222 0.41442307692307695 0.011284722222222222 0.0057692307692307696
0 0.622829861111111 0.3596153846153846 0.009982638888888888 0.0057692307692307696
0 0.525390625 0.4689903846153846 0.01171875 0.007211538461538462
0 0.5170355902777778 0.43822115384615384 0.010633680555555554 0.00625
0 0.5152994791666666 0.41586538461538464 0.011067708333333332 0.0057692307692307696
0 0.5128038194444444 0.39014423076923077 0.010416666666666666 0.005288461538461539
0 0.4325086805555555 0.3747596153846154 0.008680555555555556 0.004326923076923077
0 0.4337022569444444 0.3786057692307693 0.008897569444444444 0.00625
0 0.439453125 0.36947115384615387 0.008246527777777778 0.00625
0 0.4429253472222222 0.3737980769230769 0.008680555555555556 0.005288461538461539
0 0.4424913194444444 0.3786057692307693 0.00954861111111111 0.00625
0 0.4529079861111111 0.37956730769230773 0.008680555555555556 0.008173076923076924
0 0.3182508680555555 0.3762019230769231 0.013671875 0.00625
0 0.3882378472222222 0.33990384615384617 0.010416666666666666 0.004807692307692308
0 0.1675347222222222 0.39519230769230773 0.012586805555555554 0.004807692307692308
0 0.2553168402777778 0.35504807692307694 0.011067708333333332 0.004326923076923077