0 0.24675925925925926 0.7375 0.10833333333333334 0.051041666666666666
0 0.0125 0.46484375 0.025 0.030729166666666665
0 0.6611111111111111 0.30026041666666664 0.05 0.019270833333333334
0 0.13842592592592592 0.15286458333333333 0.05092592592592593 0.01614583333333333
0 0.3592592592592593 0.15364583333333334 0.0462962962962963 0.014583333333333334
0 0.5324074074074074 0.15885416666666666 0.040740740740740744 0.0125
0 0.7152777777777778 0.16432291666666665 0.03425925925925926 0.013020833333333334
0 0.8138888888888889 0.125 0.02592592592592593 0.009375
0 0.8328703703703704 0.12395833333333334 0.026851851851851852 0.011458333333333333
0 0.8328703703703704 0.134375 0.025 0.009375
0 0.8694444444444445 0.13177083333333334 0.02777777777777778 0.010416666666666666
0 0.8597222222222223 0.13541666666666666 0.025 0.009375
0 0.8555555555555556 0.14453125 0.02962962962962963 0.0109375