0 0.33463541666666663 0.17596153846153847 0.024305555555555552 0.03653846153846154
0 0.3292100694444444 0.2588942307692308 0.02517361111111111 0.03990384615384616
0 0.3223741319444444 0.36562500000000003 0.02712673611111111 0.04567307692307693
0 0.3169487847222222 0.4637019230769231 0.02886284722222222 0.0514423076923077
0 0.3470052083333333 0.6247596153846154 0.029947916666666664 0.05528846153846154
0 0.3458116319444444 0.7475961538461539 0.03146701388888889 0.06153846153846154
0 0.4833984375 0.7283653846153847 0.030598958333333332 0.06153846153846154
0 0.4773220486111111 0.6086538461538462 0.029296875 0.05480769230769231
0 0.4390190972222222 0.46802884615384616 0.028211805555555552 0.04855769230769231
0 0.43598090277777773 0.37091346153846155 0.02690972222222222 0.043750000000000004
0 0.4366319444444444 0.26009615384615387 0.024305555555555552 0.03942307692307692
0 0.4344618055555555 0.17740384615384616 0.023871527777777776 0.037500000000000006
0 0.5450303819444444 0.16370192307692308 0.02322048611111111 0.03605769230769231
0 0.5499131944444444 0.24302884615384618 0.024305555555555552 0.03990384615384616
0 0.560329861111111 0.3574519230769231 0.025607638888888888 0.04278846153846154
0 0.5692274305555555 0.4512019230769231 0.02690972222222222 0.04759615384615385
0 0.603298611111111 0.5954326923076924 0.028211805555555552 0.0514423076923077
0 0.6146918402777778 0.7122596153846155 0.030164930555555552 0.057211538461538466
0 0.712890625 0.5798076923076924 0.02734375 0.05096153846153846
0 0.7294921875 0.6935096153846154 0.02886284722222222 0.05625
0 0.6770833333333333 0.43341346153846155 0.02690972222222222 0.04759615384615385
0 0.6642795138888888 0.3403846153846154 0.02517361111111111 0.04423076923076923
0 0.6410590277777778 0.23798076923076925 0.023871527777777776 0.038461538461538464
0 0.6297743055555555 0.1591346153846154 0.02300347222222222 0.035576923076923075