0 0.9606481481481481 0.8898437499999999 0.07685185185185185 0.04635416666666667
0 0.9888888888888889 0.5317708333333333 0.020370370370370372 0.013541666666666667
0 0.9055555555555556 0.5721354166666667 0.04259259259259259 0.0171875
0 0.9796296296296296 0.5934895833333333 0.03888888888888889 0.01614583333333333
0 0.11018518518518519 0.24869791666666666 0.03333333333333333 0.011979166666666666
0 0.31203703703703706 0.22343749999999998 0.031481481481481485 0.011458333333333333
0 0.1685185185185185 0.3497395833333333 0.05555555555555556 0.01614583333333333
0 0.6888888888888889 0.24375 0.04259259259259259 0.014583333333333334
0 0.46296296296296297 0.17578125 0.02777777777777778 0.0067708333333333336
0 0.4814814814814815 0.18046875 0.02962962962962963 0.0078125
0 0.48379629629629634 0.17317708333333334 0.025 0.0067708333333333336
0 0.5027777777777778 0.18359375 0.031481481481481485 0.0078125
0 0.5055555555555555 0.17369791666666667 0.031481481481481485 0.0046875
0 0.5185185185185185 0.16796875 0.02962962962962963 0.0067708333333333336