0 0.7189814814814816 0.39010416666666664 0.0638888888888889 0.04583333333333333
0 0.3912037037037037 0.8901041666666667 0.05277777777777778 0.035416666666666666
0 0.4990740740740741 0.88046875 0.05 0.033854166666666664
0 0.6509259259259259 0.8315104166666667 0.04814814814814815 0.0328125
0 0.7402777777777778 0.8296875 0.04537037037037037 0.03229166666666666
0 0.8347222222222223 0.8276041666666667 0.03796296296296296 0.029166666666666667
0 0.9092592592592593 0.8270833333333333 0.03888888888888889 0.029166666666666667
0 0.612037037037037 0.9736979166666666 0.044444444444444446 0.033854166666666664
0 0.7032407407407407 0.9611979166666667 0.04166666666666667 0.0328125
0 0.8055555555555556 0.9526041666666667 0.03888888888888889 0.030208333333333334
0 0.8824074074074074 0.9424479166666666 0.037037037037037035 0.028645833333333332