0 0.30833333333333335 0.5453125 0.05925925925925926 0.034375
0 0.4236111111111111 0.5348958333333333 0.05277777777777778 0.034375
0 0.5773148148148148 0.484375 0.049074074074074076 0.03333333333333333
0 0.6731481481481482 0.48125 0.0462962962962963 0.03125
0 0.7759259259259259 0.47890625 0.040740740740740744 0.028645833333333332
0 0.8560185185185185 0.47760416666666666 0.03796296296296296 0.029166666666666667
0 0.32037037037037036 0.696875 0.05740740740740741 0.035416666666666666
0 0.43194444444444446 0.67890625 0.05092592592592593 0.03177083333333333
0 0.5689814814814815 0.6239583333333333 0.05092592592592593 0.030208333333333334
0 0.6592592592592593 0.6109375 0.044444444444444446 0.030208333333333334
0 0.7657407407407407 0.6018229166666667 0.04259259259259259 0.028645833333333332
0 0.8462962962962963 0.59140625 0.040740740740740744 0.027604166666666666
0 0.32962962962962966 0.8401041666666667 0.05555555555555556 0.036458333333333336
0 0.4398148148148148 0.8177083333333334 0.053703703703703705 0.03333333333333333
0 0.5750000000000001 0.7669270833333334 0.0462962962962963 0.030729166666666665
0 0.6657407407407407 0.7502604166666667 0.040740740740740744 0.0296875
0 0.775 0.7283854166666667 0.03888888888888889 0.0265625
0 0.850462962962963 0.715625 0.036111111111111115 0.027083333333333334
0 0.34074074074074073 0.9638020833333333 0.05555555555555556 0.033854166666666664
0 0.4481481481481482 0.9361979166666666 0.05 0.03177083333333333
0 0.5847222222222223 0.88515625 0.04537037037037037 0.03177083333333333
0 0.674537037037037 0.8630208333333333 0.04351851851851852 0.03125
0 0.7726851851851853 0.8294270833333334 0.03796296296296296 0.0265625
0 0.8486111111111111 0.81015625 0.03796296296296296 0.0265625