0 0.1638888888888889 0.3375 0.06851851851851852 0.040625
0 0.30185185185185187 0.3338541666666667 0.05925925925925926 0.0375
0 0.4814814814814815 0.2864583333333333 0.05555555555555556 0.03854166666666667
0 0.5921296296296297 0.2895833333333333 0.05092592592592593 0.035416666666666666
0 0.712037037037037 0.29270833333333335 0.04814814814814815 0.03333333333333333
0 0.8060185185185186 0.29765625 0.04166666666666667 0.0328125
0 0.1902777777777778 0.51328125 0.06574074074074074 0.03802083333333333
0 0.32222222222222224 0.5005208333333333 0.05925925925925926 0.034375
0 0.47685185185185186 0.44479166666666664 0.05185185185185186 0.035416666666666666
0 0.5851851851851853 0.43723958333333335 0.05 0.03177083333333333
0 0.7097222222222223 0.43255208333333334 0.04351851851851852 0.030729166666666665
0 0.800462962962963 0.4263020833333333 0.04166666666666667 0.030729166666666665
0 0.21203703703703705 0.675 0.06296296296296297 0.035416666666666666
0 0.33935185185185185 0.6559895833333333 0.05648148148148149 0.033854166666666664
0 0.4962962962962963 0.6080729166666666 0.05 0.03177083333333333
0 0.6 0.5934895833333333 0.0462962962962963 0.03177083333333333
0 0.7236111111111111 0.5760416666666667 0.04722222222222222 0.03229166666666666
0 0.8120370370370371 0.5661458333333333 0.040740740740740744 0.029166666666666667
0 0.23472222222222222 0.8130208333333333 0.058333333333333334 0.035416666666666666
0 0.3578703703703704 0.78828125 0.05648148148148149 0.033854166666666664
0 0.5143518518518518 0.7395833333333334 0.049074074074074076 0.03229166666666666
0 0.6152777777777778 0.7197916666666666 0.04722222222222222 0.03125
0 0.7282407407407407 0.6877604166666667 0.04166666666666667 0.0296875
0 0.8143518518518519 0.67109375 0.03981481481481482 0.0296875