0 0.9518518518518518 0.9026041666666667 0.08703703703703704 0.04479166666666667
0 0.9745370370370371 0.62265625 0.04166666666666667 0.0171875
0 0.900462962962963 0.6005208333333333 0.04166666666666667 0.016666666666666666
0 0.9856481481481482 0.5630208333333333 0.026851851851851852 0.013541666666666667
0 0.19444444444444445 0.37421875 0.05185185185185186 0.015104166666666667
0 0.6972222222222223 0.28359375 0.04259259259259259 0.0109375
0 0.13703703703703704 0.2760416666666667 0.037037037037037035 0.011458333333333333
0 0.3351851851851852 0.25625 0.03333333333333333 0.011458333333333333
0 0.4740740740740741 0.21328125 0.024074074074074074 0.005729166666666666
0 0.49583333333333335 0.21770833333333334 0.021296296296296296 0.00625
0 0.4939814814814815 0.20989583333333334 0.025 0.00625
0 0.5166666666666667 0.2203125 0.031481481481481485 0.007291666666666667
0 0.5208333333333334 0.21197916666666666 0.030555555555555558 0.005208333333333333
0 0.5310185185185186 0.20651041666666667 0.030555555555555558 0.0067708333333333336