0 0.25462962962962965 0.5528645833333333 0.08148148148148149 0.04010416666666666
0 0.287962962962963 0.23619791666666667 0.040740740740740744 0.0171875
0 0.362962962962963 0.24791666666666667 0.04259259259259259 0.01875
0 0.45740740740740743 0.2630208333333333 0.04814814814814815 0.01875
0 0.5425925925925926 0.2752604166666667 0.04814814814814815 0.019270833333333334
0 0.7041666666666667 0.2713541666666667 0.05092592592592593 0.019791666666666666
0 0.8046296296296297 0.28229166666666666 0.05 0.019791666666666666
0 0.38472222222222224 0.17447916666666666 0.03981481481481482 0.014583333333333334
0 0.46296296296296297 0.18255208333333334 0.040740740740740744 0.01614583333333333
0 0.5611111111111111 0.19427083333333334 0.044444444444444446 0.015625
0 0.6481481481481481 0.20260416666666667 0.044444444444444446 0.016666666666666666
0 0.7921296296296296 0.19479166666666667 0.04537037037037037 0.015625
0 0.8875000000000001 0.20234375 0.049074074074074076 0.0171875
0 0.47222222222222227 0.10859375 0.03888888888888889 0.013020833333333334
0 0.5453703703703704 0.11484375 0.03888888888888889 0.0140625
0 0.5402777777777777 0.061718749999999996 0.03981481481481482 0.013020833333333334
0 0.6143518518518519 0.06510416666666667 0.03796296296296296 0.0125
0 0.650462962962963 0.121875 0.04166666666666667 0.014583333333333334
0 0.7347222222222223 0.128125 0.04166666666666667 0.015625
0 0.7986111111111112 0.06979166666666667 0.04166666666666667 0.013541666666666667
0 0.8699074074074075 0.12578125 0.04537037037037037 0.015104166666666667
0 0.9625 0.13151041666666666 0.04537037037037037 0.015104166666666667
0 0.9305555555555556 0.06901041666666667 0.040740740740740744 0.013020833333333334