0 0.7189814814814816 0.38984375 0.06018518518518519 0.0453125
0 0.3902777777777778 0.8903645833333333 0.05462962962962963 0.0359375
0 0.5 0.8809895833333333 0.05 0.0328125
0 0.65 0.8328125 0.044444444444444446 0.030208333333333334
0 0.7402777777777778 0.8299479166666667 0.04166666666666667 0.03177083333333333
0 0.8347222222222223 0.8276041666666667 0.03796296296296296 0.028125
0 0.9069444444444444 0.8265625 0.03425925925925926 0.029166666666666667
0 0.611574074074074 0.9736979166666666 0.04351851851851852 0.03177083333333333
0 0.7023148148148148 0.9611979166666667 0.04166666666666667 0.03177083333333333
0 0.8064814814814815 0.9518229166666666 0.037037037037037035 0.030729166666666665
0 0.8833333333333334 0.9424479166666666 0.03518518518518519 0.0296875