0 0.48307291666666663 0.05456730769230769 0.022135416666666664 0.04471153846153846
0 0.5159505208333333 0.09254807692307693 0.022786458333333332 0.043750000000000004
0 0.5649956597222222 0.12908653846153847 0.024522569444444444 0.043750000000000004
0 0.6057942708333333 0.17403846153846156 0.025824652777777776 0.04807692307692308
0 0.6758897569444444 0.2216346153846154 0.026258680555555552 0.049038461538461545
0 0.7245008680555555 0.2766826923076923 0.030164930555555552 0.05432692307692308
0 0.4245876736111111 0.1918269230769231 0.02105034722222222 0.04230769230769231
0 0.45355902777777773 0.23918269230769232 0.022569444444444444 0.04759615384615385
0 0.4970703125 0.3038461538461539 0.024088541666666664 0.04807692307692308
0 0.5336371527777778 0.35625 0.02517361111111111 0.05288461538461539
0 0.604275173611111 0.4050480769230769 0.026258680555555552 0.052403846153846155
0 0.6489800347222222 0.4685096153846154 0.027994791666666664 0.05913461538461539
0 0.35123697916666663 0.3730769230769231 0.02105034722222222 0.046153846153846156
0 0.3784722222222222 0.4274038461538462 0.02300347222222222 0.047115384615384615
0 0.41449652777777773 0.508173076923077 0.02300347222222222 0.051923076923076926
0 0.44694010416666663 0.571875 0.025390625 0.05336538461538462
0 0.5196397569444444 0.6115384615384616 0.026258680555555552 0.05961538461538462
0 0.5610894097222222 0.6858173076923078 0.028428819444444444 0.06298076923076923
0 0.2800564236111111 0.5290865384615385 0.020616319444444444 0.04759615384615385
0 0.30219184027777773 0.5949519230769231 0.021918402777777776 0.0514423076923077
0 0.3315972222222222 0.6826923076923077 0.024305555555555552 0.05576923076923077
0 0.3589409722222222 0.7632211538461539 0.026475694444444444 0.0639423076923077
0 0.43131510416666663 0.8288461538461539 0.026692708333333332 0.06346153846153846
0 0.4697265625 0.9158653846153847 0.02886284722222222 0.06826923076923078